,Muncipality,Acreage,City,Address,ImprovementAssessedValue2019,ImprovementFairMarketValue2019,LandAssessedValue2019,LandFairMarketValue2019,TotalAssessedValue2019,TotalFairMarketValue2019,ImprovementAssessedValue2018,ImprovementFairMarketValue2018,LandAssessedValue2018,LandFairMarketValue2018,TotalAssessedValue2018,TotalFairMarketValue2018
23933,City of La Crosse        ,1.8,LA CROSSE, 601 ST ANDREW ST   ,34700,37700,258000,280100,292700,317800,34700,41500,258000,308600,292700,350100
12031,Town of Holland          ,0.81,HOLMEN, W7771 COUNTRY AVE  ,252100,323900,25800,33200,277900,357100,252100,304300,25800,31100,277900,335400
37143,City of La Crosse        ,0.138,LA CROSSE, 2617 LOSEY BLVD S,96700,105000,18200,19800,114900,124800,81100,97000,15400,18400,96500,115400
15152,Town of Onalaska         ,0.5,ONALASKA, N5893 COTTAGE LN   ,125300,161200,15000,19300,140300,180500,125300,151900,15000,18200,140300,170100
58224,City of Onalaska         ,0.1,ONALASKA, 3711 EMERALD DR   E,206300,208500,18600,18800,224900,227300,153200,166800,24500,26700,177700,193500
33281,City of La Crosse        ,0.129,LA CROSSE, 2011 WINNEBAGO ST   ,96200,104500,29100,31600,125300,136100,82200,98300,21800,26100,104000,124400
48104,City of Onalaska         ,0.26,ONALASKA, 1416 JOHNSON ST   ,237500,240000,44800,45300,282300,285300,208900,227500,41300,45000,250200,272500
44425,City of Onalaska         ,0.77,ONALASKA, 2126 KYLE LN   ,166400,168200,100600,101700,267000,269900,212900,231900,39500,43000,252400,274900
20046,Village of Bangor        ,0.2,BANGOR, 1905 HENRY JOHNS BLVD ,130900,138200,22200,23400,153100,161600,130900,132400,22200,22400,153100,154800
34920,City of La Crosse        ,0.255,LA CROSSE, 1712 31ST ST   S,136500,148200,32400,35200,168900,183400,116400,139200,24000,28700,140400,167900
64806,Town of Bangor           ,25.84,WEST SALEM,  COUNTY ROAD B      ,0,0,7400,0,7400,0,0,0,7400,0,7400,0
25943,City of La Crosse        ,0.081,LA CROSSE, 812 NORTH ST   ,64900,70500,15600,16900,80500,87400,54500,65200,11400,13600,65900,78800
66250,Town of Holland          ,0.995,HOLMEN,  VOLENDAM ST   ,0,0,32200,41400,32200,41400,0,0,32200,38900,32200,38900
17908,Town of Shelby           ,0.32,LA CROSSE, W4985 HARVEST LN   ,140600,157200,25800,28800,166400,186000,140600,151500,25800,27800,166400,179300
47519,City of Onalaska         ,1.05,ONALASKA, 4046 BEVERLY DR   ,456000,460800,64700,65400,520700,526200,412300,449000,53700,58500,466000,507500
56961,Town of Hamilton         ,39.33,WEST SALEM, W3835 PLEASANT VALLEY RD   ,38400,0,42200,0,80600,0,38400,0,42400,0,80800,0
4425,Town of Campbell         ,0.27,LA CROSSE, 731 LANCASTER ST   ,117700,126900,34400,37100,152100,164000,117700,126500,34400,37000,152100,163500
58816,Town of Greenfield       ,35.63,LA CROSSE,  STATE ROAD 33      ,0,0,3300,0,3300,0,0,0,3500,0,3500,0
42990,City of Onalaska         ,0.31,ONALASKA, 1329 JOHNSON ST   ,155900,157500,44600,45100,200500,202600,112400,122400,45500,49600,157900,172000
68728,Town of Washington       ,0.13,COON VALLEY, W2359 STATE ROAD 33      ,0,0,1300,1300,1300,1300,81100,103100,900,1100,82000,104200
39714,City of La Crosse        ,0.138,LA CROSSE, 2712 SHELBY RD   ,6700,7300,11600,12600,18300,19900,4400,5300,7400,8900,11800,14200
34385,City of La Crosse        ,0.127,LA CROSSE, 1924 REDFIELD ST   ,84300,91500,30100,32700,114400,124200,65100,77900,22100,26400,87200,104300
38162,City of La Crosse        ,0.245,LA CROSSE, 3313 KENTON ST   ,188100,204200,19700,21400,207800,225600,156500,187200,18200,21800,174700,209000
41757,City of Onalaska         ,0.21,ONALASKA, 1041 GREEN BAY ST   ,216600,218900,36900,37300,253500,256200,191500,208600,31100,33900,222600,242500
63096,Town of Holland          ,36.16,HOLMEN,  COUNTY ROAD T      ,0,0,1400,0,1400,0,0,0,1500,0,1500,0
16518,Town of Shelby           ,21.98,LA CROSSE,  EBNER COULEE RD   ,0,0,161400,180400,161400,180400,0,0,161400,173900,161400,173900
58421,Town of Greenfield       ,7.41,LA CROSSE, W4317 STATE ROAD 33      ,204000,236800,44300,51400,248300,288200,204000,236600,44300,51400,248300,288000
10763,Town of Holland          ,0.311,HOLMEN, N7281 COUNTY ROAD XX      ,75600,97100,8100,10400,83700,107500,75600,91300,8100,9800,83700,101100
18456,Town of Shelby           ,30.65,STODDARD, W4913 CHIPMUNK RD   N,63900,0,47900,0,111800,0,63900,0,48000,0,111900,0
59451,Town of Holland          ,34.47,HOLMEN, W7089 GAARDER RD   ,236200,0,42400,0,278600,0,236200,0,42500,0,278700,0
23808,City of La Crosse        ,0.162,LA CROSSE, 806 CALEDONIA ST   ,178600,193900,12500,13600,191100,207500,156100,186700,12300,14700,168400,201400
17251,Town of Shelby           ,3.5,LA CROSSE,  KNOBLOCH RD   ,0,0,1100,0,1100,0,0,0,1100,0,1100,0
30435,City of La Crosse        ,0.189,LA CROSSE, 919 ZEISLER ST   ,105600,114700,32900,35700,138500,150400,93900,112300,35800,42800,129700,155100
31123,City of La Crosse        ,0.168,LA CROSSE, 1409 GREEN BAY ST   ,99500,108000,30400,33000,129900,141000,77500,92700,23000,27500,100500,120200
49354,Town of Onalaska         ,0.35,ONALASKA, W6089 RUTH LN   ,138400,178100,20500,26400,158900,204500,138400,167800,20500,24900,158900,192700
22740,Village of West Salem    ,0.22,WEST SALEM, 740 GARLAND ST   E,102000,106100,36900,38400,138900,144500,102000,102800,36900,37200,138900,140000
1652,Town of Burns            ,20.0,BANGOR,  E OLSON RD   ,0,0,9800,0,9800,0,0,0,9800,0,9800,0
31235,City of La Crosse        ,0.176,LA CROSSE, 923 DIVISION ST   ,139700,151700,22500,24400,162200,176100,102500,122600,21200,25400,123700,148000
62146,Town of Hamilton         ,45.95,WEST SALEM, W4620 G ROMSKOG RD   ,0,0,2900,0,2900,0,0,0,3100,0,3100,0
38473,City of La Crosse        ,0.21,LA CROSSE, 4614 NOTTINGHAM AVE  ,208000,225900,23700,25700,231700,251600,201800,241400,21300,25500,223100,266900
66691,City of Onalaska         ,39.76,ONALASKA, 1500 SAND LAKE RD   ,0,0,128400,0,128400,0,0,0,70900,0,70900,0
46827,City of La Crosse        ,1.119,LA CROSSE, 500 4TH ST   S,881900,957600,660500,717200,1542400,1674800,881900,1055000,380700,455400,1262600,1510400
21369,Village of Holmen        ,0.18,HOLMEN, 127 PRINCESS CT   ,7800,7600,3000,2900,10800,10500,7000,8200,2000,2400,9000,10600
39587,City of La Crosse        ,1.062,LA CROSSE, 4505 CLIFFSIDE DR   ,220700,239600,24700,26800,245400,266400,173500,207600,20700,24800,194200,232400
47122,Town of Farmington       ,7.56,MINDORO, N7521 SKOY COULEE RD   ,200,0,4500,0,4700,0,200,0,4500,0,4700,0
28010,City of La Crosse        ,0.118,LA CROSSE, 118 5TH AVE  S,154400,167700,51200,55600,205600,223300,154400,184700,37200,44500,191600,229200
68148,City of La Crosse        ,0.87,LA CROSSE, 2311 STATE RD   ,57400,62300,431200,468200,488600,530500,57400,68700,431200,515800,488600,584500
68094,Town of Onalaska         ,0.19,ONALASKA, W7645 COUNTY ROAD ZB      ,188200,242200,47700,61400,235900,303600,188200,228200,47700,57800,235900,286000
37330,City of La Crosse        ,0.211,LA CROSSE, 2129 30TH ST   S,109500,118900,27400,29800,136900,148700,88900,106300,23400,28000,112300,134300
63656,Town of Greenfield       ,20.01,LA CROSSE, N1060 WUENSCH RD   ,206100,0,27800,0,233900,0,206100,0,27800,0,233900,0
70423,Town of Holland          ,4.358,HOLMEN, W7365 SYLVESTER RD   ,93600,120300,68100,87500,161700,207800,93600,113000,68100,82200,161700,195200
12548,Town of Medary           ,2.0,LA CROSSE, W5010 KEIL COULEE RD   ,102000,111500,57000,62300,159000,173800,102000,104800,57000,58600,159000,163400
23497,Village of West Salem    ,0.23,WEST SALEM, 620 OLSON DR   ,139000,144600,41300,43000,180300,187600,158300,159500,41300,41600,199600,201100
26372,City of La Crosse        ,0.161,LA CROSSE, 163 CALEDONIA ST   ,73800,80100,12500,13600,86300,93700,68100,81500,12200,14600,80300,96100
33371,City of La Crosse        ,0.114,LA CROSSE, 803 20TH ST   S,105400,114400,28100,30500,133500,144900,88900,106300,21300,25500,110200,131800
61313,City of La Crosse        ,0.113,LA CROSSE, 1356 SUNSET CT   ,0,0,14700,16000,14700,16000,0,0,14700,17600,14700,17600
32089,City of La Crosse        ,0.141,LA CROSSE, 908 6TH ST   S,143700,156000,12200,13200,155900,169200,100600,120300,10000,12000,110600,132300
69361,City of Onalaska         ,0.54,ONALASKA, 1013 LINCOLN ST   ,134700,136100,65500,66200,200200,202300,103300,112500,65200,71000,168500,183500
22484,Village of West Salem    ,0.25,WEST SALEM, 340 ROSE ST   N,62300,64800,40100,41700,102400,106500,62300,62800,40100,40400,102400,103200
62312,Town of Farmington       ,38.77,HOLMEN, W5632 COUNTY ROAD V      ,60600,0,20800,0,81400,0,60600,0,20800,0,81400,0
36528,City of La Crosse        ,0.177,LA CROSSE, 2126 SUNRISE DR   ,107100,116300,27700,30100,134800,146400,88500,105900,19300,23100,107800,129000
30320,City of La Crosse        ,0.528,LA CROSSE, 900 MILSON CT   ,173400,188300,26800,29100,200200,217400,136200,162900,25300,30300,161500,193200
28628,City of La Crosse        ,0.295,LA CROSSE, 450 LOSEY BLVD N,278000,301900,29000,31500,307000,333400,226900,271400,30400,36400,257300,307800
38007,City of La Crosse        ,0.166,LA CROSSE, 2920 BIRCH ST   ,132900,144300,23600,25600,156500,169900,107200,128200,19300,23100,126500,151300
27150,City of La Crosse        ,0.166,LA CROSSE, 316 LIBERTY ST   ,75400,81900,12700,13800,88100,95700,78100,93400,12400,14800,90500,108200
30646,City of La Crosse        ,0.16,LA CROSSE, 1013 6TH ST   S,152000,165000,15400,16700,167400,181700,107900,129100,12300,14700,120200,143800
36340,City of La Crosse        ,0.109,LA CROSSE, 2643 EAST AVE  S,0,0,29800,32400,29800,32400,0,0,29800,35600,29800,35600
56869,Town of Medary           ,6.21,LA CROSSE, W5664 STONE HILL RD   N,455600,498100,75900,83000,531500,581100,455600,468300,75900,78000,531500,546300
20796,Village of Holmen        ,0.258,HOLMEN, 316 MORRIS ST   ,217600,211700,42700,41500,260300,253200,174400,205400,23500,27700,197900,233100
58035,Village of Holmen        ,21.39,HOLMEN,  COUNTY ROAD HD      ,0,0,2700,0,2700,0,0,0,2300,0,2300,0
23798,City of La Crosse        ,0.081,LA CROSSE, 832 CALEDONIA ST   ,87700,95200,8900,9700,96600,104900,68900,82400,8500,10200,77400,92600
15997,Town of Onalaska         ,0.46,ONALASKA, W8257 WOODVIEW DR   ,134800,173500,20700,26600,155500,200100,134800,163400,20700,25100,155500,188500
31104,City of La Crosse        ,0.14,LA CROSSE, 1240 REDFIELD ST   ,123600,134200,26200,28400,149800,162600,92600,110800,20200,24200,112800,135000
53473,Town of Burns            ,21.38,BANGOR, W358 DAVIS RD   ,318300,0,47500,0,365800,0,318300,0,47500,0,365800,0
52162,Village of Holmen        ,2.0,HOLMEN, 640 COMMERCE ST   ,208400,202700,200000,194600,408400,397300,166500,196100,126300,148700,292800,344800
17112,Town of Shelby           ,0.17,LA CROSSE, 1160 SHOREWOOD DR   ,105100,117500,21100,23600,126200,141100,105100,113300,21100,22700,126200,136000
42566,City of Onalaska         ,0.2,ONALASKA, 1404 LAKE ST   ,157800,159500,44200,44700,202000,204200,124900,136000,35300,38400,160200,174400
22489,Village of West Salem    ,0.19,WEST SALEM, 340 VAN NESS ST   N,80500,83700,33700,35100,114200,118800,80500,81100,33700,34000,114200,115100
30258,City of La Crosse        ,0.091,LA CROSSE, 2120 KING ST   ,130800,142000,36900,40100,167700,182100,96700,115700,27700,33100,124400,148800
38508,City of La Crosse        ,0.227,LA CROSSE, 4605 NOTTINGHAM AVE  ,174700,189700,25100,27300,199800,217000,114500,137000,23100,27600,137600,164600
52877,Town of Greenfield       ,2.16,COON VALLEY, N1196 COUNTY ROAD M      ,200800,233100,21300,24700,222100,257800,200800,232900,21300,24700,222100,257600
18003,Town of Shelby           ,0.41,LA CROSSE, N1100 BLOOMER MILL RD   ,137000,153100,29300,32800,166300,185900,137000,147700,29300,31600,166300,179300
21542,Village of Holmen        ,0.21,HOLMEN, 2811 MEADOW LARK LN   S,195600,190300,38400,37400,234000,227700,156200,183900,27500,32400,183700,216300
43232,City of Onalaska         ,0.24,ONALASKA, 1651 KELLER CT   ,236300,238800,48500,49000,284800,287800,222200,242000,47500,51700,269700,293700
41190,City of Onalaska         ,0.37,ONALASKA, 1040 MAIN ST   ,147400,149000,50300,50800,197700,199800,117900,128400,49400,53800,167300,182200
18739,Town of Washington       ,18.75,COON VALLEY,  BINA RD   ,0,0,3250,0,3250,0,0,0,2400,0,2400,0
20973,Village of Holmen        ,0.22,HOLMEN, 1003 1ST AVE  E,200600,195200,40200,39100,240800,234300,145300,171100,27500,32400,172800,203500
23312,Village of West Salem    ,0.25,WEST SALEM, 342 NESHONOC RD   ,146400,152300,40100,41700,186500,194000,146400,147500,40100,40400,186500,187900
38910,City of La Crosse        ,0.177,LA CROSSE, 930 DENTON ST   ,109800,119200,16600,18000,126400,137200,66500,79600,15600,18700,82100,98300
11083,Town of Holland          ,1.0,HOLMEN, W7488 COUNTY ROAD T      ,102800,132100,18000,23100,120800,155200,102800,124100,18000,21700,120800,145800
53314,City of La Crosse        ,1.33,LA CROSSE, 508 MONITOR ST   ,453300,492200,446700,485000,900000,977200,453300,542300,446700,534400,900000,1076700
19457,Village of Bangor        ,0.48,BANGOR, 1815 COMMERCIAL ST   ,87300,92200,32000,33800,119300,126000,87300,88300,32000,32400,119300,120700
15195,Town of Onalaska         ,0.69,ONALASKA, W7923 COUNTY ROAD ZB      ,114900,147800,72500,93300,187400,241100,114900,139300,72500,87900,187400,227200
21512,Village of Holmen        ,0.21,HOLMEN, 2902 MEADOW LARK LN   S,181400,176500,38400,37400,219800,213900,141000,166000,27500,32400,168500,198400
1358,Town of Barre            ,6.53,LA CROSSE, W4398 DRECTRAH RD   ,313000,363300,47600,55200,360600,418500,313000,352700,47600,53600,360600,406300
24335,City of La Crosse        ,0.17,LA CROSSE, 1121 CHARLES ST   ,87200,94700,13100,14200,100300,108900,67900,81200,10300,12300,78200,93500
12211,Town of Medary           ,1.87,LA CROSSE, W5239 COUNTY ROAD B      ,101700,111200,48000,52500,149700,163700,101700,104500,48000,49300,149700,153800
48700,Town of Holland          ,20.94,HOLMEN, N8550 COUNTY ROAD TT      ,131800,169400,70300,90300,202100,259700,131800,159100,70300,84900,202100,244000
910,Town of Barre            ,5.12,WEST SALEM, W4666 COUNTY ROAD B      ,167900,0,24200,0,192100,0,167900,0,24200,0,192100,0
14035,Town of Onalaska         ,1.377,ONALASKA, N5403 COUNTY ROAD S      ,174100,224000,26900,34600,201000,258600,174100,211100,26900,32600,201000,243700
43453,City of Onalaska         ,0.15,ONALASKA, 1033 LAUDERDALE      N,237900,240400,38100,38500,276000,278900,205300,223600,38100,41500,243400,265100
70145,City of La Crosse        ,0.08,LA CROSSE, 2411 16TH ST   S,2600,2800,7500,8100,10100,10900,2600,3100,7500,9000,10100,12100
25521,City of La Crosse        ,0.116,LA CROSSE, 1428 GILLETTE ST   ,73200,79500,17000,18500,90200,98000,50600,60500,13900,16600,64500,77100
6928,Town of Farmington       ,10.0,HOLMEN, N7826 COUNTY ROAD D      ,112800,142800,29400,37200,142200,180000,112800,134200,29400,35000,142200,169200
65189,Town of Medary           ,0.832,LA CROSSE, W5475 TIMBER CREEK TRL  ,218400,238800,34100,37300,252500,276100,218400,224500,34100,35100,252500,259600
61134,City of La Crosse        ,0.283,LA CROSSE, 2648 13TH CT   ,232400,252300,78200,84900,310600,337200,179900,215200,72800,87100,252700,302300
38635,City of La Crosse        ,0.095,LA CROSSE, 1115 EAST AVE  S,72800,79000,19400,21100,92200,100100,56100,67100,16300,19500,72400,86600
57934,Town of Medary           ,0.453,LA CROSSE, N3304 MILLER RD   ,210000,229600,34100,37300,244100,266900,210000,215900,34100,35100,244100,251000
15252,Town of Onalaska         ,0.47,ONALASKA, N5828 LAKEVIEW CT   E,133500,171800,16900,21700,150400,193500,133500,161900,16900,20500,150400,182400
42328,City of Onalaska         ,0.49,ONALASKA, 1716 HICKORY ST   ,232100,234600,55600,56200,287700,290800,203500,221600,43300,47200,246800,268800
71913,Village of Holmen        ,0.298,HOLMEN, 2008 PRAIRIE PL   ,0,0,100,0,100,0,0,0,0,0,0,0
68022,Town of Barre            ,0.2,WEST SALEM, W4131 COUNTY ROAD O      ,0,0,300,300,300,300,0,0,300,300,300,300
55425,Town of Greenfield       ,4.79,LA CROSSE,  BRECKEN RDG  ,0,0,40800,47400,40800,47400,0,0,40800,47300,40800,47300
34009,City of La Crosse        ,0.114,LA CROSSE, 1801 PARK AVE  ,97100,105400,22400,24300,119500,129700,83100,99400,20500,24500,103600,123900
26829,City of La Crosse        ,0.331,LA CROSSE, 2815 GEORGE ST   ,0,0,18500,20100,18500,20100,0,0,18500,22100,18500,22100
41388,City of Onalaska         ,1.24,ONALASKA, 910 2ND AVE  N,543800,549500,280100,283100,823900,832600,521900,568400,188600,205400,710500,773800
20535,Village of Holmen        ,0.242,HOLMEN, 305 NEITZEL DR   ,148000,144000,42300,41200,190300,185200,119500,140700,24200,28500,143700,169200
22322,Village of West Salem    ,0.2,WEST SALEM, 220 LEONARD ST   N,15200,15800,23000,23900,38200,39700,15200,15300,23000,23200,38200,38500
22769,Village of West Salem    ,0.295,WEST SALEM, 449 LEONARD ST   N,163300,169900,47700,49600,211000,219500,163300,164500,47700,48100,211000,212600
35081,City of La Crosse        ,0.184,LA CROSSE, 2326 JOHNSON ST   ,116800,126800,34500,37500,151300,164300,109000,130400,26400,31600,135400,162000
25966,City of La Crosse        ,0.161,LA CROSSE, 1833 AVON ST   ,98200,106600,20100,21800,118300,128400,85600,102400,15300,18300,100900,120700
33022,City of La Crosse        ,0.227,LA CROSSE, 1224 MISSISSIPPI ST   ,146100,158600,33200,36000,179300,194600,116400,139200,36000,43100,152400,182300
52288,City of La Crosse        ,2.981,LA CROSSE, 944 GREEN BAY ST   ,1702400,1848500,701900,762100,2404300,2610600,1702400,2036500,701900,839700,2404300,2876200
51326,Town of Greenfield       ,0.98,LA CROSSE, N1706 ELIZABETH WAY  ,139000,161300,35800,41600,174800,202900,139000,161200,35800,41500,174800,202700
69293,Town of Farmington       ,0.37,MELROSE,  MCINTOSH RD   ,0,0,100,100,100,100,0,0,100,100,100,100
45734,City of La Crosse        ,0.33,LA CROSSE, 1835 NAKOMIS AVE  ,176800,192000,143400,155700,320200,347700,122000,145900,114900,137500,236900,283400
58936,Village of West Salem    ,0.248,WEST SALEM, 335 DRIFTWOOD ST   ,420800,437700,55800,58000,476600,495700,420800,424000,55800,56200,476600,480200
10424,Town of Holland          ,38.47,HOLMEN, W6890 MOE COULEE RD   ,152600,0,42400,0,195000,0,152600,0,42600,0,195200,0
37535,City of La Crosse        ,0.194,LA CROSSE, 3029 31ST ST   S,117900,128000,23300,25300,141200,153300,94600,113200,22800,27300,117400,140500
46547,Village of West Salem    ,0.28,WEST SALEM, 123 GRISWOLD AVE  ,141900,147600,52500,54600,194400,202200,141900,143000,52500,52900,194400,195900
19150,Town of Washington       ,28.32,COON VALLEY, W561 MUENZENBERGER RD   ,159100,0,13300,0,172400,0,122500,0,16500,0,139000,0
24416,City of La Crosse        ,0.18,LA CROSSE, 605 LIBERTY ST   ,97800,106200,13500,14700,111300,120900,96700,115700,10600,12700,107300,128400
18810,Town of Washington       ,40.0,BANGOR,  COUNTY ROAD I      ,0,0,200,0,200,0,0,0,200,0,200,0
62339,Town of Hamilton         ,8.14,WEST SALEM,  STATE ROAD 108      ,5800,7200,27700,34500,33500,41700,5800,6700,27700,32200,33500,38900
15310,Town of Onalaska         ,0.34,ONALASKA, N6017 ELM ST   ,149700,192600,15300,19700,165000,212300,149700,181500,15300,18600,165000,200100
20332,Village of Holmen        ,0.54,HOLMEN, 811 MAIN ST   S,141800,138000,50100,48700,191900,186700,105800,124600,39200,46200,145000,170800
64787,City of La Crosse        ,0.245,LA CROSSE, 708 COPELAND AVE  ,69200,75100,15600,16900,84800,92000,63800,76300,14800,17700,78600,94000
16371,Town of Shelby           ,1.18,LA CROSSE,  WOODHAVEN DR   ,0,0,4100,4600,4100,4600,0,0,4100,4400,4100,4400
2704,Town of Burns            ,17.53,BANGOR, W518 PETTINGER HILL RD   ,112700,0,55100,0,167800,0,112700,0,55100,0,167800,0
70342,City of Onalaska         ,0.203,ONALASKA, 915 8TH AVE  N,186500,188500,31100,31400,217600,219900,129200,140700,26800,29200,156000,169900
60035,Town of Holland          ,0.74,HOLMEN, W7917 AUGUST AVE  ,345400,443800,32600,41900,378000,485700,345400,417000,32600,39400,378000,456400
3690,Town of Campbell         ,0.16,LA CROSSE, 1625 CAROLINE ST   ,58600,63200,22500,24300,81100,87500,58600,63000,22500,24200,81100,87200
37360,City of La Crosse        ,0.416,LA CROSSE, 2046 29TH ST   S,127700,138700,30700,33300,158400,172000,106600,127500,25700,30700,132300,158200
63770,Town of Onalaska         ,18.79,ONALASKA,  WENDTLAND RD   ,0,0,6000,0,6000,0,0,0,5900,0,5900,0
25960,City of La Crosse        ,0.175,LA CROSSE, 1803 AVON ST   ,122600,133100,21400,23200,144000,156300,111900,133900,17100,20500,129000,154400
35277,City of La Crosse        ,0.264,LA CROSSE, 350 28TH ST   S,158700,172300,24400,26500,183100,198800,130700,156400,19900,23800,150600,180200
35614,City of La Crosse        ,0.121,LA CROSSE, 3458 WOODBRIDGE CT   ,140000,152000,15300,16600,155300,168600,128600,153800,15300,18300,143900,172100
57250,City of Onalaska         ,0.124,ONALASKA, 251 MASON ST   ,26700,27000,24000,24300,50700,51300,25900,28200,22100,24100,48000,52300
63787,Town of Greenfield       ,35.14,LA CROSSE,  COUNTY ROAD YY      ,0,0,3200,0,3200,0,0,0,3200,0,3200,0
52582,City of La Crosse        ,0.17,LA CROSSE, 817 VITERBO DR   ,119300,129500,17500,19000,136800,148500,66700,79800,15600,18700,82300,98500
44248,City of Onalaska         ,0.26,ONALASKA, 103 COACHLITE CT   N,256200,258900,45200,45700,301400,304600,231900,252600,43200,47000,275100,299600
1154,Town of Barre            ,7.76,LA CROSSE,  DROGSETH RD   ,0,0,1900,0,1900,0,0,0,1900,0,1900,0
5927,Town of Farmington       ,35.67,MINDORO,  COUNTY ROAD T      ,900,0,7800,0,8700,0,900,0,7800,0,8700,0
59298,Town of Shelby           ,48.98,COON VALLEY, N425 GRONEMUS RD   ,0,0,19000,0,19000,0,0,0,19000,0,19000,0
28447,City of La Crosse        ,0.309,LA CROSSE, 205 LOSEY BLVD N,276700,300400,81400,88400,358100,388800,215800,258200,63400,75800,279200,334000
23484,Village of West Salem    ,0.39,WEST SALEM, 714 LEE DR   ,169000,175800,57600,59900,226600,235700,169000,170300,57600,58000,226600,228300
11154,Town of Holland          ,6.8,HOLMEN, N8793 ASPESLET RD   ,178700,229600,42200,54200,220900,283800,178700,215700,42200,50900,220900,266600
49569,City of Onalaska         ,0.61,ONALASKA, 220 EDWARDS DR   ,2900,2900,53100,53700,56000,56600,0,0,17900,19500,17900,19500
39771,City of La Crosse        ,0.208,LA CROSSE, 101 ALEXANDER ST   ,134400,145900,100000,108600,234400,254500,105800,126600,30800,36800,136600,163400
20716,Village of Holmen        ,0.254,HOLMEN, 114 LEGION ST   E,94000,91400,42600,41400,136600,132800,73100,86100,23500,27700,96600,113800
49888,Town of Greenfield       ,1.39,LA CROSSE, N1440 TOWER CT   ,365800,424600,50900,59100,416700,483700,365800,424300,50900,59000,416700,483300
60975,Village of West Salem    ,0.46,WEST SALEM, 324 JEFFERSON ST   W,335000,348500,46900,48800,381900,397300,329400,331900,47000,47400,376400,379300
61325,City of La Crosse        ,0.113,LA CROSSE, 1310 SUNSET CT   ,271800,295100,14700,16000,286500,311100,270100,323100,14700,17600,284800,340700
7165,Town of Greenfield       ,3.39,LA CROSSE, N2185 COUNTY ROAD OA      ,169300,196500,38500,44700,207800,241200,169300,196400,38500,44700,207800,241100
15844,Town of Onalaska         ,0.46,ONALASKA, N5653 QUARTERDECK DR   ,107600,138500,27600,35500,135200,174000,107600,130500,27600,33500,135200,164000
11088,Town of Holland          ,0.5,HOLMEN, W7310 COUNTY ROAD T      ,113800,146200,12600,16200,126400,162400,113800,137400,12600,15200,126400,152600
48624,City of La Crosse        ,1.97,LA CROSSE, 2442 REDWING RD   ,179500,194900,39000,42300,218500,237200,135100,161600,36700,43900,171800,205500
65989,Town of Shelby           ,76.1,LA CROSSE, W4825 MEYERS RD   ,785200,0,108000,0,893200,0,785200,0,108000,0,893200,0
40371,City of Onalaska         ,0.16,ONALASKA, 418 7TH AVE  N,151900,153500,31200,31500,183100,185000,130500,142100,29600,32200,160100,174300
36829,City of La Crosse        ,0.176,LA CROSSE, 2014 22ND ST   S,90600,98400,27700,30100,118300,128500,79300,94900,25800,30900,105100,125800
1533,Town of Burns            ,38.989,BANGOR, W130 GARVES COULEE RD   ,180600,0,27200,0,207800,0,180600,0,27000,0,207600,0
45460,Village of Bangor        ,0.11,BANGOR, 1906 RUEDY ST   ,0,0,11500,12100,11500,12100,0,0,11500,11600,11500,11600
45834,Town of Medary           ,0.03,ONALASKA,  STATE ROAD 16      ,0,0,2100,2300,2100,2300,0,0,2100,2200,2100,2200
1039,Town of Barre            ,24.68,WEST SALEM,  SWAMP RD   ,0,0,28000,0,28000,0,0,0,28000,0,28000,0
17957,Town of Shelby           ,0.56,LA CROSSE, N1079 LAUTERBACH RD   ,196400,219500,24700,27600,221100,247100,196400,211700,24700,26600,221100,238300
53862,Town of Holland          ,0.51,HOLMEN, N7154 ERANN CT   ,271400,348700,24400,31400,295800,380100,271400,327600,24400,29500,295800,357100
33535,City of La Crosse        ,0.163,LA CROSSE, 417 19TH ST   S,171800,186500,46600,50600,218400,237100,135200,161700,30000,35900,165200,197600
32303,City of La Crosse        ,0.129,LA CROSSE, 2306 MARKET ST   ,118200,128300,29100,31600,147300,159900,100000,119600,21800,26100,121800,145700
43895,City of Onalaska         ,0.31,ONALASKA, 795 ST PAUL ST   ,120900,122200,32300,32600,153200,154800,91900,100100,32500,35400,124400,135500
25073,City of La Crosse        ,0.052,LA CROSSE, 1120 GILLETTE ST   ,20800,22600,11200,12200,32000,34800,20800,24900,11200,13400,32000,38300
64569,Town of Farmington       ,11.97,MINDORO,  COUNTY ROAD VV      ,0,0,27500,34800,27500,34800,0,0,27500,32700,27500,32700
52837,City of La Crosse        ,0.164,LA CROSSE, 5000 33RD ST   S,119800,130100,10700,11600,130500,141700,111300,133100,10700,12800,122000,145900
38225,City of La Crosse        ,0.198,LA CROSSE, 3415 LEONARD ST   ,119800,130100,23400,25400,143200,155500,99200,118700,22800,27300,122000,146000
24971,City of La Crosse        ,0.074,LA CROSSE, 914 RUBLEE ST   ,88100,95700,8600,9300,96700,105000,66400,79400,8400,10000,74800,89400
38886,City of La Crosse        ,0.155,LA CROSSE, 1024 FARNAM ST   ,100600,109200,13400,14600,114000,123800,86700,103700,12300,14700,99000,118400
34355,City of La Crosse        ,0.126,LA CROSSE, 2112 PARK AVE  ,85100,92400,23500,25500,108600,117900,67200,80400,21600,25800,88800,106200
6198,Town of Farmington       ,17.61,MINDORO, W2688 COUNTY ROAD T      ,136600,0,22400,0,159000,0,136600,0,22400,0,159000,0
38255,City of La Crosse        ,0.196,LA CROSSE, 3400 33RD ST   S,151100,164100,23600,25600,174700,189700,118700,142000,23200,27800,141900,169800
67142,Town of Hamilton         ,6.96,WEST SALEM, N5084 MOOS RD   ,204100,254100,44900,55900,249000,310000,204100,237300,44900,52200,249000,289500
36212,City of La Crosse        ,0.161,LA CROSSE, 2520 15TH PL   S,88200,95800,28800,31300,117000,127100,78900,94400,23700,28400,102600,122800
21379,Village of Holmen        ,0.116,HOLMEN, 137 PRINCESS CT   ,7800,7600,3000,2900,10800,10500,7000,8200,2000,2400,9000,10600
67563,Town of Medary           ,0.832,LA CROSSE, N3551 EVERGREENS TRL  ,248600,271800,34100,37300,282700,309100,248600,255500,34100,35100,282700,290600
3372,Town of Campbell         ,0.41,LA CROSSE,  TELLIN CT   ,0,0,100,100,100,100,0,0,100,100,100,100
66606,Town of Bangor           ,14.0,WEST SALEM, W2105 COUNTY ROAD B      ,240900,0,26950,0,267850,0,240900,0,26950,0,267850,0
46715,City of La Crosse        ,0.215,LA CROSSE, 2003 ADAMS ST   ,104600,113600,36700,39800,141300,153400,85500,102300,36200,43300,121700,145600
11922,Town of Holland          ,0.54,HOLMEN, N8335 BRINGE CT   ,192800,247700,22300,28700,215100,276400,192800,232700,22300,26900,215100,259600
73013,Town of Burns            ,20.21,MINDORO, N9496 SOMMERS RD   ,51300,0,40000,0,91300,0,51300,0,39900,0,91200,0
56386,Town of Washington       ,1.43,ROCKLAND, W561 STATE ROAD 33      ,180700,182100,11600,11700,192300,193800,127500,162100,7900,10000,135400,172100
67938,City of La Crosse        ,0.588,LA CROSSE, 1837 SIMS PL   ,248500,269800,128100,139100,376600,408900,248500,297300,128100,153200,376600,450500
17792,Town of Shelby           ,0.22,LA CROSSE, 4111 VELMAR CT   ,121100,135400,25800,28800,146900,164200,121100,130500,25800,27800,146900,158300
1650,Town of Burns            ,14.68,BANGOR,  RAFFELSON RD   ,0,0,52800,53100,52800,53100,0,0,52800,52000,52800,52000
35188,City of La Crosse        ,0.198,LA CROSSE, 1413 27TH ST   S,142900,155200,24400,26500,167300,181700,120800,144500,18100,21700,138900,166200
36619,City of La Crosse        ,0.565,LA CROSSE, 2103 SISSON DR   ,116500,126500,38400,41700,154900,168200,95700,114500,28500,34100,124200,148600
19103,Town of Washington       ,40.0,COON VALLEY,  COUNTY ROAD G      ,0,0,144500,145700,144500,145700,0,0,106500,135400,106500,135400
60355,City of La Crosse        ,0.22,LA CROSSE, 4472 EL CAMINO REAL DR   ,210000,228000,26200,28400,236200,256400,195100,233400,24300,29100,219400,262500
11163,Town of Holland          ,38.022,HOLMEN,  SYLVESTER RD   ,0,0,113800,146200,113800,146200,0,0,113800,137400,113800,137400
45514,Town of Burns            ,1.26,BANGOR, W1955 STATE ROAD 16      ,22200,22300,29100,29200,51300,51500,22200,21800,29100,28600,51300,50400
36824,City of La Crosse        ,0.203,LA CROSSE, 1910 22ND ST   S,134500,146000,30400,33000,164900,179000,116500,139400,29500,35300,146000,174700
37526,City of La Crosse        ,0.194,LA CROSSE, 2903 31ST ST   S,148400,161100,23300,25300,171700,186400,112500,134600,22800,27300,135300,161900
16555,Town of Shelby           ,2.936,LA CROSSE,  JOY LN   ,0,0,10300,11500,10300,11500,0,0,10300,11100,10300,11100
35052,City of La Crosse        ,0.247,LA CROSSE, 1415 28TH ST   S,115300,125200,27200,29500,142500,154700,97800,117000,15700,18800,113500,135800
20977,Village of Holmen        ,0.201,HOLMEN, 218 KENNEDA ST   ,203600,198100,36800,35800,240400,233900,173900,204800,27500,32400,201400,237200
17731,Town of Shelby           ,0.19,LA CROSSE, 4225 PINECREST CT   ,97900,109400,24000,26800,121900,136200,97900,105500,24000,25900,121900,131400
10265,Town of Holland          ,11.25,HOLMEN, W7266 SYLVESTER RD   ,329600,0,43800,0,373400,0,329600,0,43800,0,373400,0
59439,City of Onalaska         ,47.17,ONALASKA, 4301 KINNEY COULEE RD   N,0,0,214600,216900,214600,216900,0,0,165100,179800,165100,179800
45138,City of Onalaska         ,0.17,ONALASKA, 110 HERITAGE LN   ,179800,181700,25400,25700,205200,207400,154700,168500,25400,27700,180100,196200
23046,Village of West Salem    ,0.22,WEST SALEM, 414 MAPLE ST   N,104300,108500,40200,41800,144500,150300,104300,105100,40200,40500,144500,145600
72057,City of La Crosse        ,0.54,LA CROSSE, 6015 RIVER RUN RD   ,0,0,80600,87500,80600,87500,0,0,0,0,0,0
11712,Town of Holland          ,0.57,HOLMEN, N6936 SKYVIEW CT   ,177000,227400,22300,28700,199300,256100,177000,213700,22300,26900,199300,240600
20753,Village of Holmen        ,1.044,HOLMEN, 201 LAKE ST   ,187500,182400,62600,60900,250100,243300,133100,156700,37900,44600,171000,201300
69163,Town of Farmington       ,1.57,MINDORO,  SULLIVAN RD   ,0,0,3600,4600,3600,4600,0,0,3600,4300,3600,4300
32372,City of La Crosse        ,0.218,LA CROSSE, 320 24TH ST   S,214000,232400,59000,64100,273000,296500,171300,204900,38200,45700,209500,250600
36408,City of La Crosse        ,0.15,LA CROSSE, 1908 21ST ST   S,84000,91200,31200,33900,115200,125100,72800,87100,28900,34600,101700,121700
29540,City of La Crosse        ,0.115,LA CROSSE, 718 MAIN ST   ,160700,174500,66000,71700,226700,246200,160700,192200,66000,79000,226700,271200
53747,Town of Burns            ,0.28,BANGOR,  COUNTY ROAD DE      ,0,0,100,0,100,0,0,0,100,0,100,0
71660,Town of Bangor           ,0.74,WEST SALEM,  COUNTY ROAD B      ,0,0,7400,8600,7400,8600,0,0,10400,11700,10400,11700
49609,Town of Onalaska         ,3.59,ONALASKA, N5629 MOOS RD   ,106300,136800,38000,48900,144300,185700,106300,128900,38000,46100,144300,175000
30249,City of La Crosse        ,0.121,LA CROSSE, 2130 KING ST   ,151200,164200,40800,44300,192000,208500,123400,147600,30500,36500,153900,184100
70268,Village of Holmen        ,1.35,HOLMEN, 706 MCHUGH RD   ,6000,5800,143500,139600,149500,145400,144700,170400,37100,43700,181800,214100
32181,City of La Crosse        ,0.13,LA CROSSE, 438 23RD ST   S,122100,132600,38800,42100,160900,174700,98200,117500,24000,28700,122200,146200
61339,Town of Greenfield       ,4.0,LA CROSSE, N2336 CLEMENTS RD   ,147100,170700,54500,63300,201600,234000,147100,170600,54500,63200,201600,233800
20890,Village of Holmen        ,0.22,HOLMEN, 309 PARK ST   ,144900,141000,40200,39100,185100,180100,126900,149400,22400,26400,149300,175800
17826,Town of Shelby           ,0.2,LA CROSSE, 4316 MARKLE RD   ,81100,90700,25300,28300,106400,119000,81100,87400,25300,27300,106400,114700
1413,Town of Barre            ,36.25,LA CROSSE,  COUNTY ROAD OA      ,0,0,39500,0,39500,0,0,0,39500,0,39500,0
22899,Village of West Salem    ,0.84,WEST SALEM, 473 ELM ST   W,162100,168600,46700,48600,208800,217200,162100,163300,46700,47100,208800,210400
19506,Village of Bangor        ,0.12,BANGOR, 202 15TH AVE  S,84800,89600,9600,10100,94400,99700,84800,85700,9600,9700,94400,95400
41045,City of Onalaska         ,1.04,ONALASKA, 921 2ND AVE  SW,0,0,76500,77300,76500,77300,0,0,68300,74400,68300,74400
50049,Town of Greenfield       ,8.456,LA CROSSE, W2807 KLOSS RD   ,234800,272500,34400,39900,269200,312400,234800,272400,34400,39900,269200,312300
5836,Town of Farmington       ,40.0,MINDORO, N8867 ROBERTS RD   ,57100,0,16400,0,73500,0,57100,0,16400,0,73500,0
57186,City of La Crosse        ,0.02,LA CROSSE, 100 6TH ST   N,194800,211500,6900,7500,201700,219000,211900,253500,6900,8300,218800,261800
14147,Town of Onalaska         ,0.99,ONALASKA, N5645 OAK HILLS DR   ,193500,249000,34700,44700,228200,293700,193500,234600,34700,42100,228200,276700
62598,Town of Barre            ,32.72,WEST SALEM,  SWAMP RD   ,0,0,3500,0,3500,0,0,0,3500,0,3500,0
34157,City of La Crosse        ,0.11,LA CROSSE, 1914 ADAMS ST   ,113400,123100,27100,29400,140500,152500,90800,108600,24100,28800,114900,137400
57980,Village of Rockland      ,0.284,ROCKLAND, 100 COMMERCIAL ST   N,134200,134300,17800,17800,152000,152100,46900,55500,16900,20000,63800,75500
2648,Town of Burns            ,40.0,BANGOR, W388 PETTINGER HILL RD   ,88500,0,68100,0,156600,0,88500,0,68000,0,156500,0
68840,Town of Bangor           ,37.99,ROCKLAND,  COUNTY ROAD J      ,0,0,31700,0,31700,0,0,0,31700,0,31700,0
63651,Town of Greenfield       ,4.26,LA CROSSE,  WUENSCH RD   ,0,0,800,0,800,0,0,0,800,0,800,0
37978,City of La Crosse        ,0.207,LA CROSSE, 2933 LEONARD ST   ,108000,117300,26300,28600,134300,145900,83200,99500,21000,25100,104200,124600
43715,City of Onalaska         ,0.53,ONALASKA, 1224 COUNTY ROAD PH      W,144800,146300,44400,44900,189200,191200,113200,123300,38500,41900,151700,165200
71829,Village of Holmen        ,1.15,ONALASKA, 3406 SAND LAKE RD   ,169400,164800,57900,56300,227300,221100,136000,160200,29500,34700,165500,194900
45842,City of Onalaska         ,0.01,ONALASKA, 3236 KINNEY COULEE RD   N,0,0,4600,4600,4600,4600,0,0,3200,3500,3200,3500
66743,City of La Crosse        ,0.39,LA CROSSE, 2680 7TH ST   S,463600,503400,90000,97700,553600,601100,301000,360100,52300,62600,353300,422700
23011,Village of West Salem    ,0.28,WEST SALEM, 116 TILSON ST   E,199100,207100,43700,45500,242800,252600,165900,167200,43700,44000,209600,211200
27226,City of La Crosse        ,4.038,LA CROSSE, 1920 OAK ST   ,2169800,2356000,505000,548300,2674800,2904300,2169800,2595600,505000,604100,2674800,3199700
13411,Town of Onalaska         ,3.93,HOLMEN, W6718 HIDDEN VALLEY RD   ,280100,360400,39700,51100,319800,411500,280100,339600,39700,48100,319800,387700
62979,City of La Crosse        ,10.61,LA CROSSE, 3632 CALVERT RD   ,4178900,4537500,396100,430100,4575000,4967600,4178900,4999000,396100,473800,4575000,5472800
43006,City of Onalaska         ,0.13,ONALASKA, 625 OAK AVE  N,160600,162300,20200,20400,180800,182700,151200,164700,15400,16800,166600,181500
7031,Town of Greenfield       ,29.35,LA CROSSE,  COUNTY ROAD M      ,0,0,2100,0,2100,0,0,0,2100,0,2100,0
15097,Town of Onalaska         ,0.5,ONALASKA, N5946 COUNTY ROAD ZZ      ,137500,176900,18000,23200,155500,200100,137500,166700,18000,21800,155500,188500
70916,City of La Crosse        ,0.18,LA CROSSE, 1251 MOORINGS DR   ,277300,301100,80000,86900,357300,388000,238500,285300,60000,71800,298500,357100
13764,Town of Onalaska         ,1.79,ONALASKA, N5946 PARK DR   ,197800,254500,29000,37300,226800,291800,197800,239800,29000,35200,226800,275000
58540,Town of Holland          ,0.758,HOLMEN, N7543 DUTCH AVE  ,182300,234300,26400,33900,208700,268200,182300,220100,26400,31900,208700,252000
42192,City of Onalaska         ,0.29,ONALASKA, 1228 WILSON ST   ,170600,172400,45200,45700,215800,218100,140500,153000,43700,47600,184200,200600
22462,Village of West Salem    ,0.19,WEST SALEM, 337 LEONARD ST   N,102500,106600,33700,35100,136200,141700,102500,103300,33700,34000,136200,137300
36225,City of La Crosse        ,0.06,LA CROSSE, 2902 SOUTH AVE  ,0,0,10100,11000,10100,11000,0,0,7600,9100,7600,9100
25909,City of La Crosse        ,0.085,LA CROSSE, 1319 RUBLEE ST   ,108100,117400,15200,16500,123300,133900,90000,107700,18500,22100,108500,129800
44171,City of Onalaska         ,0.26,ONALASKA, 656 GREEN CT   ,145900,147400,32400,32700,178300,180100,105600,115000,31500,34300,137100,149300
12045,Town of Holland          ,0.61,HOLMEN, N7048 PINE LN   ,248800,319700,23600,30300,272400,350000,248800,300300,23600,28500,272400,328800
44544,City of Onalaska         ,0.28,ONALASKA, 503 BIRDIE CT   ,262800,265600,47100,47600,309900,313200,251200,273600,45700,49800,296900,323400
65179,Town of Medary           ,0.832,LA CROSSE, W5450 TIMBER CREEK TRL  ,210600,230300,34100,37300,244700,267600,210600,216500,34100,35100,244700,251600
26092,City of La Crosse        ,0.129,LA CROSSE, 2106 CHARLES ST   ,92300,100200,16500,17900,108800,118100,80800,96700,15300,18300,96100,115000
19608,Village of Bangor        ,0.09,BANGOR, 402 16TH AVE  S,81800,86400,9600,10100,91400,96500,81800,82700,9600,9700,91400,92400
64723,Town of Bangor           ,6.56,ROCKLAND, N2550 COUNTY ROAD JB      ,161800,188300,26600,31000,188400,219300,161800,181900,26600,29900,188400,211800
55271,City of Onalaska         ,0.26,ONALASKA, 950 OAK TIMBER DR   ,281300,284300,59900,60500,341200,344800,246300,268200,46600,50800,292900,319000
58548,Town of Holland          ,0.811,HOLMEN, W7936 TULIP LN   ,269100,345800,28000,36000,297100,381800,269100,324800,28000,33800,297100,358600
37195,City of La Crosse        ,0.236,LA CROSSE, 2721 BLUFFVIEW PL   ,77900,84600,30300,32900,108200,117500,62000,74200,24000,28700,86000,102900
21331,Village of Holmen        ,0.115,HOLMEN, 89 BRENTWOOD LN   ,7800,7600,3000,2900,10800,10500,7000,8200,2000,2400,9000,10600
37977,City of La Crosse        ,0.207,LA CROSSE, 2927 LEONARD ST   ,147100,159700,26300,28600,173400,188300,119600,143100,21000,25100,140600,168200
25745,City of La Crosse        ,0.146,LA CROSSE, 1211 NORTH ST   ,0,0,35500,38500,35500,38500,0,0,35500,42500,35500,42500
27492,City of La Crosse        ,0.97,LA CROSSE, 4706 NORTHBROOK RD   ,115700,125600,23400,25400,139100,151000,135000,161500,11700,14000,146700,175500
56022,Town of Barre            ,8.41,LA CROSSE, W4350 DRECTRAH RD   ,8800,10200,53900,62600,62700,72800,8800,9900,53900,60700,62700,70600
55639,Village of Holmen        ,0.24,HOLMEN, 804 GREENWOOD ST   ,210900,205200,45300,44100,256200,249300,168200,198100,36900,43500,205100,241600
21525,Village of Holmen        ,0.31,HOLMEN, 2718 PLEASANT DR   S,173700,169000,44100,42900,217800,211900,128700,151600,27500,32400,156200,184000
29741,City of La Crosse        ,0.074,LA CROSSE, 215 11TH ST   N,87600,95100,16500,17900,104100,113000,66500,79600,11200,13400,77700,93000
32561,City of La Crosse        ,0.158,LA CROSSE, 1601 MARKET ST   ,178800,194100,26500,28800,205300,222900,155000,185400,25000,29900,180000,215300
38601,City of La Crosse        ,0.184,LA CROSSE, 3221 GLENDALE AVE  ,175400,190500,22800,24800,198200,215300,150500,180000,22400,26800,172900,206800
37875,City of La Crosse        ,0.19,LA CROSSE, 3173 26TH ST   S,133000,144400,25100,27300,158100,171700,106500,127400,20300,24300,126800,151700
2893,Town of Campbell         ,0.62,LA CROSSE, 2316 BAINBRIDGE ST   ,0,0,64800,69900,64800,69900,0,0,64800,69600,64800,69600
69082,Town of Barre            ,30.97,WEST SALEM, N3645 OLD M RD   ,241000,0,51000,0,292000,0,232700,0,51000,0,283700,0
51957,City of Onalaska         ,0.594,ONALASKA, 2228 QUARRY LN   ,324800,328200,70700,71400,395500,399600,306000,333300,68300,74400,374300,407700
56335,Town of Farmington       ,3.39,HOLMEN, W5216 COUNTY ROAD T      ,117200,148400,13800,17500,131000,165900,117200,139400,13800,16400,131000,155800
30227,City of La Crosse        ,0.119,LA CROSSE, 2130 GRANDVIEW PL   ,143800,156100,39500,42900,183300,199000,116400,139200,29800,35600,146200,174800
65308,Town of Hamilton         ,32.29,BANGOR, W2621 STATE ROAD 16      ,173400,0,30300,0,203700,0,173400,0,30600,0,204000,0
58560,Town of Holland          ,0.938,HOLMEN,  DUTCH AVE  ,0,0,29400,37800,29400,37800,0,0,29400,35500,29400,35500
16692,Town of Shelby           ,4.64,LA CROSSE, N2114 WEDGEWOOD DR   E,216100,241600,62700,70100,278800,311700,216100,232900,62700,67600,278800,300500
61831,Town of Holland          ,39.11,HOLMEN, W6533 COUNTY ROAD T      ,140900,0,29000,0,169900,0,140900,0,29100,0,170000,0
44735,City of Onalaska         ,0.12,ONALASKA, 922 STREBLOW ST   ,155600,157200,20500,20700,176100,177900,137300,149500,17800,19400,155100,168900
49543,Town of Shelby           ,1.71,LA CROSSE, W4903 STATE ROAD 33      ,131900,147400,32500,36300,164400,183700,131900,142200,32500,35000,164400,177200
26670,City of La Crosse        ,0.129,LA CROSSE, 2505 WOOD ST   ,61600,66900,16500,17900,78100,84800,50500,60400,12500,15000,63000,75400
45930,City of Onalaska         ,0.21,ONALASKA, 947 WINDHILL ST   ,237100,239600,36100,36500,273200,276100,182000,198200,32700,35600,214700,233800
20022,Village of Bangor        ,0.2,BANGOR, 206 HATTAN ST   ,191400,202100,23000,24300,214400,226400,191400,193500,23000,23300,214400,216800
55412,Town of Greenfield       ,0.87,LA CROSSE,  SIGEL CT   ,0,0,200,0,200,0,0,0,200,0,200,0
71944,Village of Holmen        ,0.258,HOLMEN, 2011 SPAKENBURG RD   ,0,0,100,0,100,0,0,0,0,0,0,0
41345,City of Onalaska         ,0.18,ONALASKA, 416 TROY ST   ,191100,193100,31500,31800,222600,224900,160900,175200,25100,27300,186000,202500
16808,Town of Shelby           ,0.3,LA CROSSE, W5875 COULEE SPRINGS LN   ,234100,261700,26100,29200,260200,290900,234100,252300,26100,28100,260200,280400
55151,Town of Onalaska         ,25.34,HOLMEN, N6964 KNUDSON RD   ,145600,0,30600,0,176200,0,145300,0,30500,0,175800,0
22347,Village of West Salem    ,0.29,WEST SALEM, 116 MILL ST   N,71800,74700,33400,34700,105200,109400,71800,72300,33400,33700,105200,106000
31245,City of La Crosse        ,0.102,LA CROSSE, 518 10TH ST   S,148600,161400,17200,18700,165800,180100,110700,132400,13200,15800,123900,148200
29950,City of La Crosse        ,0.207,LA CROSSE, 140 20TH ST   S,163900,178000,55000,59700,218900,237700,142400,170300,40500,48400,182900,218700
47189,Town of Hamilton         ,37.38,WEST SALEM,  COUNTY ROAD M      ,0,0,8700,0,8700,0,0,0,8900,0,8900,0
1792,Town of Burns            ,7.92,BANGOR, N6893 GARVES COULEE RD   ,203800,0,26700,0,230500,0,203800,0,26700,0,230500,0
43057,City of Onalaska         ,0.39,ONALASKA, 618 WESTWOOD DR   ,337700,341300,54400,55000,392100,396300,305700,332900,44500,48500,350200,381400
3904,Town of Campbell         ,0.29,LA CROSSE, 1917 NAKOMIS AVE  ,366300,394900,136700,147400,503000,542300,366300,393600,136700,146900,503000,540500
52999,Town of Farmington       ,4.0,HOLMEN, W5155 HALE CT   ,176800,223800,24000,30400,200800,254200,176800,210300,24000,28500,200800,238800
52035,Town of Farmington       ,1.87,MINDORO, W4384 COUNTY ROAD T      ,93800,118700,10700,13500,104500,132200,93800,111600,10700,12700,104500,124300
22032,Village of Rockland      ,0.38,ROCKLAND, 401 COMMERCIAL ST   S,136900,137000,23300,23300,160200,160300,123000,145400,18000,21300,141000,166700
63434,Town of Farmington       ,2.62,MELROSE, N9642 STATE ROAD 108      ,107500,136100,12200,15400,119700,151500,107500,127900,12200,14500,119700,142400
60657,Town of Campbell         ,7.88,LA CROSSE, 816 BAINBRIDGE ST   ,6098600,6575200,414500,446900,6513100,7022100,6098600,6552600,414500,445400,6513100,6998000
5793,Town of Farmington       ,39.5,MINDORO, N8754 STATE ROAD 108      ,391200,0,22700,0,413900,0,391200,0,22700,0,413900,0
1983,Town of Burns            ,40.0,BANGOR, N5840 COUNTY ROAD DE      ,303400,0,40100,0,343500,0,303400,0,39900,0,343300,0
70795,City of La Crosse        ,0.21,LA CROSSE, 2209 GEORGE ST   ,84800,92100,14200,15400,99000,107500,73200,87600,14500,17300,87700,104900
20461,Village of Holmen        ,0.32,HOLMEN, 1509 CLIFFVIEW DR   ,116600,113400,44400,43200,161000,156600,103600,122000,22200,26100,125800,148100
37180,City of La Crosse        ,0.138,LA CROSSE, 2523 26TH ST   S,106600,115700,20200,21900,126800,137600,90500,108300,16200,19400,106700,127700
65564,Town of Hamilton         ,28.3,WEST SALEM,  GILLS COULEE RD   ,0,0,23100,0,23100,0,0,0,23300,0,23300,0
66138,Town of Bangor           ,19.72,BANGOR,  STATE ROAD 162      ,0,0,4000,0,4000,0,0,0,4000,0,4000,0
14038,Town of Onalaska         ,10.45,ONALASKA,  MOOS RD   ,0,0,1900,0,1900,0,0,0,1900,0,1900,0
10447,Town of Holland          ,25.83,HOLMEN,  COUNTY ROAD V      ,7800,0,12900,0,20700,0,7800,0,13000,0,20800,0
20064,Village of Holmen        ,1.31,HOLMEN, 613 MCHUGH RD   ,1086100,1056600,140000,136200,1226100,1192800,797300,938900,81800,96300,879100,1035200
43843,City of Onalaska         ,2.6,ONALASKA, 3025 MAIN ST   E,318600,322000,82700,83600,401300,405600,275300,299800,82000,89300,357300,389100
45147,City of Onalaska         ,0.43,ONALASKA, 901 OAK AVE  N,282800,285800,54600,55200,337400,341000,275200,299700,57400,62500,332600,362200
32150,City of La Crosse        ,0.099,LA CROSSE, 406 LOSEY BLVD S,101600,110300,31400,34100,133000,144400,76600,91600,19400,23200,96000,114800
53540,Town of Bangor           ,6.02,BANGOR,  DARLING RD   ,0,0,1100,0,1100,0,0,0,1100,0,1100,0
4910,Town of Farmington       ,40.0,MINDORO, W1306 COUNTY ROAD A      ,79400,100500,66000,83500,145400,184000,79400,94400,66000,78500,145400,172900
33042,City of La Crosse        ,0.107,LA CROSSE, 1307 MARKET ST   ,48100,52200,18600,20200,66700,72400,48100,57500,18600,22300,66700,79800
29765,City of La Crosse        ,0.17,LA CROSSE, 221 WEST AVE  N,353000,383300,45100,49000,398100,432300,353000,422300,45100,54000,398100,476300
29885,City of La Crosse        ,0.289,LA CROSSE, 226 WEST AVE  N,767600,833500,75600,82100,843200,915600,767600,918200,75600,90400,843200,1008600
11105,Town of Holland          ,18.36,HOLMEN, W7641 COUNTY ROAD T      ,224900,289000,63800,82000,288700,371000,224900,271500,63800,77000,288700,348500
69560,Town of Greenfield       ,2.07,COON VALLEY, W3943 COUNTY ROAD M      ,77100,0,10200,0,87300,0,77100,0,10200,0,87300,0
2450,Town of Burns            ,21.65,BANGOR,  COUNTY ROAD J      ,0,0,3000,0,3000,0,0,0,2900,0,2900,0
50691,Town of Farmington       ,32.16,HOLMEN,  COUNTY ROAD D      ,11400,0,6100,0,17500,0,11400,0,6100,0,17500,0
64933,Town of Greenfield       ,1.12,COON VALLEY, N676 ROESLER RD   ,157200,182500,25900,30100,183100,212600,157200,182400,25900,30000,183100,212400
71729,Town of Greenfield       ,36.86,LA CROSSE, N1530 BREIDEL COULEE RD   ,155100,0,48400,0,203500,0,155100,0,49100,0,204200,0
21089,Village of Holmen        ,0.22,HOLMEN, 1001 3RD AVE  E,253100,246200,40200,39100,293300,285300,162400,191200,30500,35900,192900,227100
62155,Village of Holmen        ,0.248,HOLMEN, 1109 HUNTINGTON ST   ,209400,203700,45500,44300,254900,248000,180700,212800,39900,47000,220600,259800
19782,Village of Bangor        ,0.22,BANGOR, 1312 OAK ST   ,97200,102600,13500,14300,110700,116900,97200,98300,13500,13600,110700,111900
23436,Village of West Salem    ,0.29,WEST SALEM, 371 CLARK ST   N,165400,172100,40700,42300,206100,214400,165400,166700,40700,41000,206100,207700
32581,City of La Crosse        ,0.166,LA CROSSE, 1615 WINNEBAGO ST   ,108000,117300,26900,29200,134900,146500,86900,104000,25000,29900,111900,133900
25917,City of La Crosse        ,0.193,LA CROSSE, 1712 WOOD ST   ,89700,97400,23200,25200,112900,122600,70100,83900,26100,31200,96200,115100
67681,Town of Holland          ,0.922,HOLMEN, N7255 EAGLE RD   ,217300,279200,31200,40100,248500,319300,217300,262300,31200,37700,248500,300000
47151,Town of Farmington       ,1.11,MINDORO, W1931 COUNTY ROAD A      ,3300,4200,6700,8500,10000,12700,3300,3900,6700,8000,10000,11900
69747,City of La Crosse        ,0.592,LA CROSSE, 1817 BARNABEE RD   ,190000,206300,33400,36300,223400,242600,119700,143200,43100,51600,162800,194800
52625,City of La Crosse        ,0.17,LA CROSSE, 1121 CHARLES ST   ,87200,94700,13100,14200,100300,108900,67900,81200,10300,12300,78200,93500
38454,City of La Crosse        ,0.22,LA CROSSE, 2923 MARION RD   N,155300,168600,24500,26600,179800,195200,133200,159300,22400,26800,155600,186100
37230,City of La Crosse        ,0.159,LA CROSSE, 2621 WARD AVE  ,97200,105500,21700,23600,118900,129100,77300,92500,17600,21100,94900,113600
63871,Town of Onalaska         ,1.78,ONALASKA, W5919 COUNTY ROAD S      ,129400,166500,28900,37200,158300,203700,129400,156900,28900,35000,158300,191900
33748,City of La Crosse        ,0.135,LA CROSSE, 1229 PARK AVE  ,131400,142700,25700,27900,157100,170600,122000,145900,17600,21100,139600,167000
22461,Village of West Salem    ,0.19,WEST SALEM, 329 LEONARD ST   N,110900,115400,33700,35100,144600,150500,110900,111700,33700,34000,144600,145700
64767,Town of Shelby           ,3.57,STODDARD,  OLD HIGHWAY 35      ,0,0,1800,2000,1800,2000,0,0,1800,1900,1800,1900
64688,Town of Holland          ,1.02,HOLMEN, W8029 HOLLAND DR   ,179200,230300,28200,36200,207400,266500,179200,216300,28200,34000,207400,250300
61258,Town of Greenfield       ,1.0,COON VALLEY, W4028 US HIGHWAY 14/61      ,114900,133400,25000,29000,139900,162400,114900,133300,25000,29000,139900,162300
31459,City of La Crosse        ,0.104,LA CROSSE, 603 FERRY ST   ,98000,106400,17600,19100,115600,125500,78100,93400,16800,20100,94900,113500
22921,Village of West Salem    ,0.05,WEST SALEM, 220 CLARK ST   N,32000,33300,4000,4200,36000,37500,4500,4500,4000,4000,8500,8500
69043,Town of Campbell         ,0.22,LA CROSSE, 2633 LAKESHORE DR   ,70600,76100,25500,27500,96100,103600,70600,75900,25500,27400,96100,103300
70931,Town of Hamilton         ,0.99,WEST SALEM, W2844 SHOREWOOD CT   ,179500,223500,67200,83700,246700,307200,179500,208700,67200,78100,246700,286800
49066,Town of Washington       ,15.33,COON VALLEY,  COUNTY ROAD H      ,0,0,18800,0,18800,0,0,0,14900,0,14900,0
15103,Town of Onalaska         ,0.459,ONALASKA, N6085 COUNTY ROAD ZZ      ,111100,143000,15200,19600,126300,162600,111100,134700,15200,18400,126300,153100
401,Town of Bangor           ,27.81,BANGOR,  STATE ROAD 162      ,0,0,5600,0,5600,0,0,0,5600,0,5600,0
27605,City of La Crosse        ,1.97,LA CROSSE, 2130 SUNSET LN   ,162700,176700,42200,45800,204900,222500,117300,140300,31100,37200,148400,177500
31392,City of La Crosse        ,0.181,LA CROSSE, 607 7TH ST   S,95000,103200,23400,25400,118400,128600,57800,69100,22400,26800,80200,95900
3931,Town of Campbell         ,0.24,LA CROSSE,  NAKOMIS AVE  ,12000,12900,51300,55300,63300,68200,12000,12900,51300,55100,63300,68000
71970,Village of Holmen        ,0.562,HOLMEN, 2127 SPAKENBURG RD   ,0,0,100,0,100,0,0,0,0,0,0,0
49625,Town of Hamilton         ,31.5,HOLMEN,  COUNTY ROAD M      ,0,0,11000,0,11000,0,0,0,11200,0,11200,0
42883,City of Onalaska         ,0.22,ONALASKA, 620 GROVE ST   ,190500,192500,48500,49000,239000,241500,190200,207100,39700,43200,229900,250300
3733,Town of Campbell         ,0.19,LA CROSSE,  LA CRESCENT ST   ,0,0,11700,12600,11700,12600,0,0,11700,12600,11700,12600
32818,City of La Crosse        ,0.256,LA CROSSE, 926 CLIFFWOOD LN   ,196700,213600,27000,29300,223700,242900,172800,206700,29100,34800,201900,241500
72967,City of Onalaska         ,1.47,ONALASKA, 9550 EAST 16 FRONTAGE RD   ,1074500,1085900,250400,253000,1324900,1338900,1216800,1325200,151400,164900,1368200,1490100
39013,City of La Crosse        ,0.158,LA CROSSE, 1604 EAST AVE  S,124500,135200,29200,31700,153700,166900,99500,119000,14100,16900,113600,135900
53929,City of La Crosse        ,0.35,LA CROSSE, 4324 MARIAH DR   S,0,0,30300,32900,30300,32900,0,0,31000,37100,31000,37100
57869,City of La Crosse        ,0.189,LA CROSSE, 1024 AVON ST   ,147800,160500,13600,14800,161400,175300,116900,139800,10900,13000,127800,152800
35832,City of La Crosse        ,0.123,LA CROSSE, 2121 16TH ST   S,79900,86800,27200,29500,107100,116300,62500,74800,23200,27800,85700,102600
9797,Town of Hamilton         ,1.533,WEST SALEM, W5257 DUSTY RD   ,162300,202100,31300,39000,193600,241100,162300,188700,31300,36400,193600,225100
43542,City of Onalaska         ,0.22,ONALASKA, 917 KEITH PL   ,231500,233900,38900,39300,270400,273200,224200,244200,38900,42400,263100,286600
613,Town of Bangor           ,4.05,BANGOR, W855 COUNTY ROAD JJ      ,5800,6800,10500,12200,16300,19000,5800,6500,10500,11800,16300,18300
31372,City of La Crosse        ,0.124,LA CROSSE, 403 8TH ST   S,86500,93900,19300,21000,105800,114900,65200,78000,17500,20900,82700,98900
40360,City of Onalaska         ,0.14,ONALASKA, 418 4TH AVE  N,119100,120400,22500,22700,141600,143100,87700,95500,21400,23300,109100,118800
37537,City of La Crosse        ,0.194,LA CROSSE, 3041 31ST ST   S,130000,141200,23300,25300,153300,166500,104100,124500,22800,27300,126900,151800
25995,City of La Crosse        ,0.129,LA CROSSE, 2328 KANE ST   ,87200,94700,16500,17900,103700,112600,84300,100800,12500,15000,96800,115800
20432,Village of Holmen        ,0.21,HOLMEN, 208 GREENO RD   ,150300,146200,38400,37400,188700,183600,115100,135500,23400,27600,138500,163100
28578,City of La Crosse        ,0.154,LA CROSSE, 2225 PINE ST   ,135100,146700,50800,55200,185900,201900,102900,123100,38400,45900,141300,169000
5929,Town of Farmington       ,0.61,MINDORO, W4614 COUNTY ROAD T      ,46000,58200,5500,7000,51500,65200,46000,54700,5500,6500,51500,61200
1114,Town of Barre            ,40.0,LA CROSSE,  RUSSLAN COULEE RD   ,0,0,14200,0,14200,0,0,0,14200,0,14200,0
25831,City of La Crosse        ,0.129,LA CROSSE, 1810 WOOD ST   ,122300,132800,16500,17900,138800,150700,91100,109000,19500,23300,110600,132300
7267,Town of Greenfield       ,30.96,LA CROSSE,  COUNTY ROAD YY      ,0,0,4700,0,4700,0,0,0,4600,0,4600,0
58311,Village of Holmen        ,0.341,HOLMEN, 505 RUSSELL DR   W,256200,249200,53500,52000,309700,301200,228500,269100,25900,30500,254400,299600
36171,City of La Crosse        ,0.141,LA CROSSE, 1541 WESTON ST   ,35100,38100,30400,33000,65500,71100,27900,33400,27100,32400,55000,65800
26623,City of La Crosse        ,0.154,LA CROSSE, 2034 ONALASKA AVE  ,115200,125100,19300,21000,134500,146100,91300,109200,18800,22500,110100,131700
18116,Town of Shelby           ,38.63,COON VALLEY, W5324 COUNTY ROAD MM      ,227100,0,83600,0,310700,0,227100,0,83600,0,310700,0
35843,City of La Crosse        ,0.123,LA CROSSE, 1561 HORTON ST   ,122500,133000,26600,28900,149100,161900,100200,119900,22600,27000,122800,146900
25341,City of La Crosse        ,0.162,LA CROSSE, 1513 WOOD ST   ,204400,221900,20000,21700,224400,243600,162400,194300,16700,20000,179100,214300
66353,Town of Shelby           ,0.3,LA CROSSE, 3530 CROWN BLVD ,76700,85700,24800,27700,101500,113400,76700,82700,24800,26700,101500,109400
63216,City of Onalaska         ,7.67,ONALASKA, 3230 KINNEY COULEE RD   S,0,0,112200,113400,112200,113400,0,0,96500,105100,96500,105100
71917,Village of Holmen        ,0.298,HOLMEN, 2102 PRAIRIE PL   ,0,0,100,0,100,0,0,0,0,0,0,0
64927,Town of Burns            ,1.37,BANGOR, N6003 BIG CREEK RD   ,24200,24300,30400,30500,54600,54800,24200,23800,30400,29900,54600,53700
33666,City of La Crosse        ,0.27,LA CROSSE, 1206 HINTGEN CT   ,75700,82200,34000,36900,109700,119100,50000,59800,23500,28100,73500,87900
34271,City of La Crosse        ,0.161,LA CROSSE, 1302 19TH ST   S,133100,144500,27000,29300,160100,173800,105200,125800,24300,29100,129500,154900
16867,Town of Shelby           ,0.39,LA CROSSE, N1960 WEDGEWOOD DR   E,177300,198200,37600,42000,214900,240200,177300,191100,37600,40500,214900,231600
11111,Town of Holland          ,14.12,HOLMEN, N8918 US HIGHWAY 53      ,193200,248300,64800,83300,258000,331600,193200,233200,64800,78200,258000,311400
3398,Town of Campbell         ,0.31,LA CROSSE, 1814 BAINBRIDGE ST   ,106700,115000,36800,39700,143500,154700,106700,114600,36800,39500,143500,154100
33799,City of La Crosse        ,0.106,LA CROSSE, 1512 PARK AVE  ,118400,128600,25200,27400,143600,156000,103800,124200,20200,24200,124000,148400
46382,Village of West Salem    ,0.23,WEST SALEM, 113 DOTTIE CT   ,179300,186500,46700,48600,226000,235100,179300,180700,46700,47100,226000,227800
32709,City of La Crosse        ,0.115,LA CROSSE, 512 14TH ST   S,125500,136300,36500,39600,162000,175900,96200,115100,27900,33400,124100,148500
70660,Village of Holmen        ,2.98,HOLMEN,  US HIGHWAY 53      ,0,0,14300,13900,14300,13900,0,0,13400,15800,13400,15800
63231,Village of West Salem    ,1.31,WEST SALEM, 232 CITY HIGHWAY 16      E,472100,491100,51800,53900,523900,545000,472100,475700,51800,52200,523900,527900
35625,City of La Crosse        ,0.121,LA CROSSE, 3457 WOODBRIDGE CT   ,113500,123200,15300,16600,128800,139800,84500,101100,15300,18300,99800,119400
46424,Village of West Salem    ,0.23,WEST SALEM, 207 MARTIN LN   ,230300,239600,46700,48600,277000,288200,230300,232100,46700,47100,277000,279200
25834,City of La Crosse        ,0.129,LA CROSSE, 1822 WOOD ST   ,113600,123300,16500,17900,130100,141200,71300,85300,19500,23300,90800,108600
42363,City of Onalaska         ,0.1,ONALASKA, 205 13TH AVE  S,97100,98100,17800,18000,114900,116100,67100,73100,18900,20600,86000,93700
52704,City of Onalaska         ,1.02,ONALASKA, 1061 REDWOOD ST   ,788700,797000,133300,134700,922000,931700,715100,778800,105400,114800,820500,893600
59666,Town of Greenfield       ,38.51,LA CROSSE, W4406 COUNTY ROAD YY      ,136000,0,32300,0,168300,0,133200,0,32300,0,165500,0
11272,Town of Holland          ,0.568,HOLMEN, W7839 AMSTERDAM PRAIRIE RD   ,198200,254700,22300,28700,220500,283400,198200,239300,22300,26900,220500,266200
69055,City of Onalaska         ,0.26,ONALASKA, 1289 COUNTY ROAD PH      ,215000,217300,68000,68700,283000,286000,189500,206400,67000,73000,256500,279400
63336,Town of Hamilton         ,0.4,WEST SALEM, W2761 LAKE RD   ,153200,190700,71500,89000,224700,279700,153200,178100,71500,83100,224700,261200
39607,City of La Crosse        ,0.303,LA CROSSE, 4614 CLIFFSIDE DR   ,183500,199200,21400,23200,204900,222400,140500,168100,21600,25800,162100,193900
50874,City of Onalaska         ,0.57,ONALASKA, 3315 AUGUSTA LN   ,411100,415400,82400,83300,493500,498700,345000,375700,90300,98300,435300,474000
10271,Town of Holland          ,1.32,HOLMEN, W7259 SYLVESTER RD   ,150700,193600,27200,35000,177900,228600,150700,181900,27200,32800,177900,214700
63120,Town of Barre            ,1.04,LA CROSSE, W4656 COUNTY ROAD O      ,142700,165600,18200,21100,160900,186700,139300,157000,18200,20500,157500,177500
32182,City of La Crosse        ,0.13,LA CROSSE, 437 22ND ST   S,131100,142400,38800,42100,169900,184500,111900,133900,24000,28700,135900,162600
53437,Town of Greenfield       ,25.78,LA CROSSE,  COUNTY ROAD YY      ,0,0,2800,0,2800,0,0,0,2600,0,2600,0
32148,City of La Crosse        ,0.163,LA CROSSE, 2330 MADISON ST   ,140400,152400,42700,46400,183100,198800,105300,126000,25800,30900,131100,156900
46509,City of La Crosse        ,0.163,LA CROSSE, 721 CALEDONIA ST   ,74500,80900,12600,13700,87100,94600,67700,81000,12300,14700,80000,95700
63527,Town of Medary           ,0.832,LA CROSSE, W5433 TIMBER CREEK TRL  ,163700,179000,34100,37300,197800,216300,163700,168300,34100,35100,197800,203400
42621,City of Onalaska         ,0.26,ONALASKA, 878 8TH AVE  N,182000,183900,38900,39300,220900,223200,134800,146800,40100,43700,174900,190500
37682,City of La Crosse        ,0.172,LA CROSSE, 3147 29TH ST   S,109200,118600,24000,26100,133200,144700,87700,104900,19300,23100,107000,128000
18328,Town of Shelby           ,1.14,STODDARD, W5802 JANISCH RD   ,238200,266300,30500,34100,268700,300400,238200,256700,30500,32900,268700,289600
60858,Town of Holland          ,0.77,HOLMEN, W8005 VERMEER ST   ,200000,257000,26800,34400,226800,291400,200000,241400,26800,32400,226800,273800
10330,Town of Holland          ,43.24,HOLMEN, N8252 COUNTY ROAD V      ,110000,0,70200,0,180200,0,110000,0,70400,0,180400,0
54701,City of La Crosse        ,0.104,LA CROSSE, 1407 4TH ST   S,62200,67500,8400,9100,70600,76600,46000,55000,7400,8900,53400,63900
42847,City of Onalaska         ,0.12,ONALASKA, 730 10TH AVE  N,115200,116400,13500,13600,128700,130000,95300,103800,10500,11400,105800,115200
46867,Town of Bangor           ,0.4,BANGOR,  SOUCHEK RD   ,0,0,100,100,100,100,0,0,100,100,100,100
23504,Village of West Salem    ,0.23,WEST SALEM, 420 OLSON DR   ,163800,170400,41300,43000,205100,213400,163800,165100,41300,41600,205100,206700
11211,Town of Holland          ,2.7,HOLMEN, W7987 VAN LOON LN   ,222100,285400,33500,43000,255600,328400,222100,268100,33500,40400,255600,308500
29516,City of La Crosse        ,0.35,LA CROSSE, 624 KING ST   ,230500,250300,213200,231500,443700,481800,230500,275700,139500,166900,370000,442600
46244,Town of Greenfield       ,1.1,LA CROSSE, W3998 JASON LN   ,214300,248700,45200,52500,259500,301200,214300,248600,45200,52400,259500,301000
43700,City of Onalaska         ,0.27,ONALASKA, 1203 COUNTY ROAD PH      ,131500,132900,33400,33800,164900,166700,94400,102800,29200,31800,123600,134600
3515,Town of Campbell         ,0.17,LA CROSSE, 1726 CAROLINE ST   ,124300,134000,21200,22900,145500,156900,124300,133600,21200,22800,145500,156400
2360,Town of Burns            ,40.0,BANGOR,  STATE ROAD 16      ,0,0,13100,0,13100,0,0,0,12800,0,12800,0
48239,Town of Shelby           ,1.29,LA CROSSE, W5241 KNOBLOCH RD   ,440000,491900,52900,59100,492900,551000,440000,474200,52900,57000,492900,531200
71298,Village of Holmen        ,0.413,HOLMEN, 421 NORTH STAR RD   ,0,0,75600,73500,75600,73500,0,0,45000,53000,45000,53000
53520,Town of Shelby           ,2.3,LA CROSSE, N1401 TIMBER VALLEY RD   ,210700,235500,40600,45400,251300,280900,210700,227100,40600,43800,251300,270900
23213,Village of West Salem    ,0.29,WEST SALEM, 340 WAGON DR   ,179600,186800,45800,47600,225400,234400,179600,181000,45800,46100,225400,227100
51524,City of La Crosse        ,4.05,LA CROSSE, 701 SUMNER ST   ,951700,1033400,722000,784000,1673700,1817400,951700,1138500,722000,863700,1673700,2002200
26862,City of La Crosse        ,0.16,LA CROSSE, 2526 WOOD ST   ,94300,102400,19700,21400,114000,123800,75700,90600,19200,23000,94900,113600
46276,Town of Greenfield       ,6.07,LA CROSSE, N1537 MEADOW RIDGE RD   ,199700,231800,56200,65200,255900,297000,189400,219700,56200,65200,245600,284900
70717,Village of Holmen        ,0.73,HOLMEN, 1610 FLAT RD   ,60000,58400,101100,98400,161100,156800,0,0,82700,97400,82700,97400
38188,City of La Crosse        ,0.206,LA CROSSE, 3422 ELM DR   ,164700,178800,24900,27000,189600,205800,127500,152500,25500,30500,153000,183000
23506,Village of West Salem    ,0.3,WEST SALEM, 409 LEE DR   ,159300,165700,48600,50600,207900,216300,159300,160500,48600,49000,207900,209500
51350,Town of Holland          ,1.07,HOLMEN, N7290 COUNTY ROAD XX      ,177800,228500,19300,24800,197100,253300,177800,214600,19300,23300,197100,237900
6369,Town of Farmington       ,6.14,HOLMEN, N7417 COUNTY ROAD M      ,191900,242900,19300,24400,211200,267300,191900,228300,19300,23000,211200,251300
36712,City of La Crosse        ,0.123,LA CROSSE, 1632 HYDE AVE  ,102100,110900,27300,29600,129400,140500,86000,102900,23600,28200,109600,131100
19431,Town of Washington       ,38.25,WESTBY, W464 COUNTY ROAD P      ,0,0,20150,0,20150,0,0,0,15150,0,15150,0
53490,Town of Farmington       ,7.2,MELROSE, N9319 BURR OAK CT   ,138400,175200,16200,20500,154600,195700,138400,164600,16200,19300,154600,183900
55349,City of La Crosse        ,1.95,LA CROSSE, 158 STATE ROAD 16      ,153800,167000,25900,28100,179700,195100,104400,124900,42400,50700,146800,175600
53521,Town of Shelby           ,1.82,LA CROSSE, N1399 TIMBER VALLEY RD   ,236700,264600,38900,43500,275600,308100,236700,255100,38900,41900,275600,297000
25285,City of La Crosse        ,0.173,LA CROSSE, 2011 LIBERTY ST   ,126700,137600,21200,23000,147900,160600,112200,134200,20000,23900,132200,158100
16991,Town of Shelby           ,0.46,LA CROSSE, 4062 GLENHAVEN DR   ,110900,124000,29400,32900,140300,156900,110900,119500,29400,31700,140300,151200
57473,City of Onalaska         ,0.91,ONALASKA, 2301 MAIN ST   E,217800,220100,65600,66300,283400,286400,182400,198700,47400,51600,229800,250300
72028,Village of Holmen        ,0.275,HOLMEN, 1003 MAPLE SHADE DR   ,20000,19500,61200,59500,81200,79000,0,0,0,0,0,0
39533,City of La Crosse        ,0.654,LA CROSSE, 3415 FIESTA CT   ,277300,301100,220000,238900,497300,540000,277300,331700,220000,263200,497300,594900
15015,Town of Onalaska         ,0.27,ONALASKA, W8392 WOODVIEW DR   ,102500,131900,18900,24300,121400,156200,102500,124300,18900,22900,121400,147200
53843,Town of Holland          ,0.81,HOLMEN, W7727 TRACE CT   ,282100,362500,32000,41100,314100,403600,282100,340500,32000,38600,314100,379100
47571,City of Onalaska         ,0.77,ONALASKA, 2101 MAPLEWOOD DR   ,373000,376900,75800,76600,448800,453500,335800,365700,60500,65900,396300,431600
45731,City of La Crosse        ,0.33,LA CROSSE, 1407 NAKOMIS AVE  ,448300,486800,178100,193400,626400,680200,275600,329700,127700,152800,403300,482500
28556,City of La Crosse        ,0.284,LA CROSSE, 603 23RD ST   N,136700,148400,64700,70300,201400,218700,110200,131800,40400,48300,150600,180100
72696,Town of Bangor           ,40.0,BANGOR,  DARLING RD   ,0,0,52200,0,52200,0,0,0,52200,0,52200,0
36956,City of La Crosse        ,0.179,LA CROSSE, 2315 23RD ST   S,115800,125700,28100,30500,143900,156200,93100,111400,25800,30900,118900,142300
44297,City of Onalaska         ,0.21,ONALASKA, 236 KEVIN CT   ,257500,260200,45200,45700,302700,305900,246800,268800,43200,47000,290000,315800
59948,Town of Holland          ,0.7,HOLMEN, W7954 COUNTRY AVE  ,267800,344100,32000,41100,299800,385200,267800,323300,32000,38600,299800,361900
39037,City of La Crosse        ,0.134,LA CROSSE, 1907 HYDE AVE  ,103300,112200,31100,33800,134400,146000,83500,99900,28900,34600,112400,134500
62338,Town of Hamilton         ,20.95,WEST SALEM,  STATE ROAD 108      ,0,0,8300,0,8300,0,0,0,8400,0,8400,0
23661,City of La Crosse        ,0.163,LA CROSSE, 1208 ROSE ST   ,89700,97400,11300,12300,101000,109700,78700,94100,9800,11700,88500,105800
24917,City of La Crosse        ,0.111,LA CROSSE, 1403 CHARLES ST   ,88300,95900,10800,11700,99100,107600,64100,76700,10400,12400,74500,89100
3261,Town of Campbell         ,0.2,LA CROSSE, 2548 ISLAND PARK RD   ,77000,83000,26100,28100,103100,111100,74400,79900,26100,28000,100500,107900
42565,City of Onalaska         ,0.27,ONALASKA, 524 14TH AVE  N,207600,209800,47900,48400,255500,258200,160500,174800,37600,40900,198100,215700
45991,Town of Onalaska         ,0.79,HOLMEN, W6024 ANDERSON RD   ,75300,96900,23700,30500,99000,127400,75300,91300,23700,28700,99000,120000
67333,City of La Crosse        ,0.4,LA CROSSE, 1532 ISLAND ST   ,307600,334000,23700,25700,331300,359700,243600,291400,24000,28700,267600,320100
42839,City of Onalaska         ,0.05,ONALASKA, 730 10TH AVE  N,67000,67700,13500,13600,80500,81300,58600,63800,10500,11400,69100,75200
49222,City of La Crosse        ,1.85,LA CROSSE,  EAST AVE  S,0,0,442200,480200,442200,480200,0,0,442200,529000,442200,529000
68936,Town of Greenfield       ,0.26,LA CROSSE,  COUNTY ROAD M      ,0,0,500,600,500,600,0,0,500,600,500,600
44811,City of Onalaska         ,0.3,ONALASKA, 301 LARKSPUR LN   E,349800,353500,50000,50500,399800,404000,357000,388800,41900,45600,398900,434400
39781,City of La Crosse        ,0.228,LA CROSSE, 4020 OLD TOWN HALL RD   ,77300,83900,26500,28800,103800,112700,60900,72900,16700,20000,77600,92900
46050,Town of Holland          ,37.39,HOLMEN, N6767 BRIGGS RD   ,93400,120000,102000,131100,195400,251100,93400,112700,102000,123100,195400,235800
72694,Town of Hamilton         ,37.88,HOLMEN, W4270 SWEDEN COULEE RD   ,141500,0,75500,0,217000,0,141500,0,75500,0,217000,0
36416,City of La Crosse        ,0.15,LA CROSSE, 1909 20TH ST   S,133000,144400,31200,33900,164200,178300,106500,127400,25200,30100,131700,157500
37331,City of La Crosse        ,0.228,LA CROSSE, 2130 31ST ST   S,170900,185600,29500,32000,200400,217600,133000,159100,24800,29700,157800,188800
16421,Town of Shelby           ,1.2,LA CROSSE, N2477 THREE TOWN RD   ,178600,199700,33700,37700,212300,237400,178600,192500,33700,36300,212300,228800
66831,Town of Onalaska         ,1.05,ONALASKA, N5344 STATE ROAD 35      ,128000,164700,25300,32600,153300,197300,128000,155200,25300,30700,153300,185900
521,Town of Bangor           ,19.89,ROCKLAND, N3685 COUNTY ROAD J      ,157100,182800,43400,50500,200500,233300,157100,176600,43400,48800,200500,225400
23410,Village of West Salem    ,0.22,WEST SALEM, 621 ELM ST   W,79500,82700,36900,38400,116400,121100,79500,80100,36900,37200,116400,117300
37554,City of La Crosse        ,0.319,LA CROSSE, 3217 29TH CT   S,133600,145100,31000,33700,164600,178800,105100,125700,29600,35400,134700,161100
42549,City of Onalaska         ,0.2,ONALASKA, 808 QUINCY ST   ,184800,186800,37400,37800,222200,224600,133000,144800,36600,39900,169600,184700
21175,Village of Holmen        ,0.4,HOLMEN, 618 ALPINE LN   ,77300,75200,46500,45200,123800,120400,74800,88100,27200,32000,102000,120100
47047,Town of Campbell         ,0.53,LA CROSSE, 1638 CAROLINE ST   ,82600,89100,49500,53400,132100,142500,82600,88700,49500,53200,132100,141900
62219,Town of Shelby           ,0.319,LA CROSSE, W5735 THISTLEDOWN DR   ,320500,358300,36300,40600,356800,398900,320500,345400,36300,39100,356800,384500
3047,Town of Campbell         ,0.3,LA CROSSE, 322 CHURCH DR   ,132700,143100,37000,39900,169700,183000,132700,142600,37000,39800,169700,182400
9683,Town of Hamilton         ,28.38,ONALASKA,  KOSS RD   ,0,0,93700,116700,93700,116700,0,0,93700,108900,93700,108900
21584,Village of Holmen        ,0.21,HOLMEN, 3106 PLEASANT DR   S,203600,198100,38400,37400,242000,235500,138500,163100,27500,32400,166000,195500
51890,Town of Farmington       ,37.03,MINDORO,  COUNTY ROAD M      ,0,0,15600,0,15600,0,0,0,15600,0,15600,0
37081,City of La Crosse        ,0.273,LA CROSSE, 2518 29TH ST   S,153700,166900,29900,32500,183600,199400,133700,159900,25300,30300,159000,190200
1741,Town of Burns            ,40.0,BANGOR,  COUNTY ROAD EE      ,0,0,32400,0,32400,0,0,0,32300,0,32300,0
13118,Town of Onalaska         ,1.53,HOLMEN, N6786 FREIER RD   ,168900,217300,27700,35600,196600,252900,168900,204800,27700,33600,196600,238400
39788,City of La Crosse        ,0.248,LA CROSSE, 4027 RIVERVIEW DR   ,90500,98300,27700,30100,118200,128400,73800,88300,17600,21100,91400,109400
59622,City of Onalaska         ,0.127,ONALASKA, 510 GREEN COULEE RD   ,200400,202500,27500,27800,227900,230300,177400,193200,26200,28500,203600,221700
71100,Town of Holland          ,10.404,HOLMEN,  CASBERG COULEE RD   ,0,0,22900,29400,22900,29400,0,0,22900,27600,22900,27600
12460,Town of Medary           ,6.72,LA CROSSE, W4954 COUNTY ROAD B      ,95400,104300,44900,49100,140300,153400,95400,98100,44900,46200,140300,144300
48136,Village of Holmen        ,0.27,HOLMEN, 805 EASTWOOD ST   ,180600,175700,46100,44800,226700,220500,157600,185600,33900,39900,191500,225500
29977,City of La Crosse        ,0.189,LA CROSSE, 234 20TH ST   S,164800,178900,51300,55700,216100,234600,129700,155200,39100,46800,168800,202000
67560,Town of Medary           ,0.832,LA CROSSE, W5461 TIMBER CREEK TRL  ,190900,208700,34100,37300,225000,246000,190900,196200,34100,35100,225000,231300
37677,City of La Crosse        ,0.184,LA CROSSE, 3165 29TH ST   S,110800,120300,25800,28000,136600,148300,82600,98800,21700,26000,104300,124800
25102,City of La Crosse        ,0.16,LA CROSSE, 1703 GEORGE ST   ,111800,121400,48000,52100,159800,173500,111800,133700,48000,57400,159800,191100
1044,Town of Barre            ,2.31,WEST SALEM, N3650 OLD M RD   ,196800,228400,25900,30100,222700,258500,196800,221800,25900,29200,222700,251000
66288,Town of Holland          ,3.13,HOLMEN, W6409 COUNTY ROAD V      ,147800,189900,30400,39100,178200,229000,147800,178400,30400,36700,178200,215100
66293,Town of Holland          ,1.49,HOLMEN, N8346 FLATEN RD   ,195600,251300,21900,28100,217500,279400,195600,236100,21900,26400,217500,262500
65615,Town of Burns            ,39.0,BANGOR,  COUNTY ROAD E      ,0,0,7400,0,7400,0,0,0,7300,0,7300,0
36522,City of La Crosse        ,0.177,LA CROSSE, 2202 SUNRISE DR   ,129800,140900,27700,30100,157500,171000,106300,127200,19300,23100,125600,150300
64604,Town of Farmington       ,0.77,MINDORO,  COUNTY ROAD C      ,15200,19200,14000,17700,29200,36900,15200,18100,14000,16700,29200,34800
17701,Town of Shelby           ,22.79,LA CROSSE,  KAMMEL RD   ,38800,43400,81100,90700,119900,134100,38800,41800,81100,87400,119900,129200
16677,Town of Shelby           ,0.32,LA CROSSE,  WEDGEWOOD DR   E,0,0,33500,37400,33500,37400,0,0,33500,36100,33500,36100
39154,City of La Crosse        ,0.241,LA CROSSE, 2007 30TH ST   S,108600,117900,29800,32400,138400,150300,86300,103200,22900,27400,109200,130600
25713,City of La Crosse        ,0.128,LA CROSSE, 2012 WOOD ST   ,65700,71300,16500,17900,82200,89200,54500,65200,19500,23300,74000,88500
34958,City of La Crosse        ,0.172,LA CROSSE, 3002 DENTON ST   ,56400,61200,23900,26000,80300,87200,53200,63600,15000,17900,68200,81500
18298,Town of Shelby           ,1.64,STODDARD, N162 STATE ROAD 35      ,450500,503600,40100,44800,490600,548400,450500,485500,40100,43200,490600,528700
70128,Town of Farmington       ,11.24,HOLMEN, N8085 COUNTY ROAD W      ,136800,173200,15700,19900,152500,193100,136800,162700,15700,18700,152500,181400
35332,City of La Crosse        ,0.085,LA CROSSE, 3518 EAST AVE  S,86700,94100,10000,10900,96700,105000,83300,99600,10000,12000,93300,111600
45093,City of Onalaska         ,0.82,ONALASKA, 2908 HEATHER CT   ,420600,425000,121900,123200,542500,548200,418100,455300,121900,132800,540000,588100
49823,City of Onalaska         ,0.21,ONALASKA, 834 TAHOE DR   ,323800,327200,41000,41400,364800,368600,268700,292600,55400,60300,324100,352900
3091,Town of Campbell         ,0.23,LA CROSSE, 2510 1ST AVE  W,156900,169200,30800,33200,187700,202400,156900,168600,30800,33100,187700,201700
65800,City of Onalaska         ,0.61,ONALASKA, 4036 PINEVIEW ST   ,332700,336200,70600,71300,403300,407500,282100,307200,70600,76900,352700,384100
10503,Town of Holland          ,19.49,HOLMEN, N7670 CASBERG COULEE RD   ,170000,0,35600,0,205600,0,170000,0,35700,0,205700,0
44176,City of Onalaska         ,0.29,ONALASKA, 679 CUSTER CT   ,169200,171000,34200,34600,203400,205600,140200,152700,33300,36300,173500,189000
16686,Town of Shelby           ,0.89,LA CROSSE, N2025 WEDGEWOOD DR   E,278200,311000,48200,53900,326400,364900,278200,299800,48200,51900,326400,351700
6643,Town of Farmington       ,14.13,HOLMEN,  COUNTY ROAD V      ,0,0,1900,0,1900,0,0,0,1900,0,1900,0
59226,Town of Farmington       ,11.58,MINDORO, W2635 HARTMAN RD   ,0,0,10700,0,10700,0,0,0,10700,0,10700,0
23689,City of La Crosse        ,0.115,LA CROSSE, 1101 CALEDONIA ST   ,142500,154700,10600,11500,153100,166200,117500,140600,8800,10500,126300,151100
54508,City of Onalaska         ,0.255,ONALASKA, 551 FAIRWAY CREEK DR   ,449200,453900,60200,60800,509400,514700,432900,471500,60200,65600,493100,537100
59259,Town of Farmington       ,14.86,MINDORO, W3724 JOSTAD RD   ,35000,44300,40300,51000,75300,95300,35000,41600,40300,47900,75300,89500
36744,City of La Crosse        ,0.126,LA CROSSE, 2121 HYDE AVE  ,158100,171700,27300,29600,185400,201300,133100,159200,24600,29400,157700,188600
55551,Village of West Salem    ,3.01,WEST SALEM, 915 INDUSTRIAL DR   ,1047700,1089900,338000,351600,1385700,1441500,1047700,1055700,313900,316300,1361600,1372000
43328,City of Onalaska         ,0.34,ONALASKA, 1212 RED CEDAR CT   ,325800,329200,47400,47900,373200,377100,214000,233100,44700,48700,258700,281800
60239,Village of Holmen        ,1.207,HOLMEN, 704 DEERWOOD ST   ,281000,273400,70700,68800,351700,342200,226200,266400,62900,74100,289100,340500
59400,Town of Burns            ,39.09,BANGOR,  GARVES COULEE RD   ,0,0,62800,0,62800,0,0,0,62800,0,62800,0
22254,Village of Rockland      ,0.21,ROCKLAND,  CANARY DR   ,0,0,14700,14700,14700,14700,0,0,14500,17100,14500,17100
52112,Town of Hamilton         ,0.131,WEST SALEM, W4261 CERESA DR   ,114700,142800,11500,14300,126200,157100,114700,133400,11500,13400,126200,146800
6156,Town of Farmington       ,6.1,MINDORO, W3069 COUNTY ROAD T      ,153800,194700,19200,24300,173000,219000,153800,182900,19200,22800,173000,205700
26746,City of La Crosse        ,1.48,LA CROSSE, 3215 GEORGE ST   ,0,0,253700,275500,253700,275500,0,0,253700,303500,253700,303500
37357,City of La Crosse        ,0.227,LA CROSSE, 2101 29TH ST   S,166500,180800,28100,30500,194600,211300,139300,166600,23800,28500,163100,195100
33656,City of La Crosse        ,0.15,LA CROSSE, 1225 FARNAM ST   ,128800,139900,26600,28900,155400,168800,76100,91000,20200,24200,96300,115200
21921,Village of Holmen        ,1.08,HOLMEN, 722 WESTERN AVE  ,216000,210100,126400,123000,342400,333100,182700,215100,75000,88300,257700,303400
63130,Town of Barre            ,9.7,WEST SALEM, W4730 COUNTY ROAD B      ,169300,196500,38800,45000,208100,241500,169300,190800,38800,43700,208100,234500
43540,City of Onalaska         ,0.22,ONALASKA, 933 KEITH PL   ,229400,231800,38900,39300,268300,271100,194100,211400,38900,42400,233000,253800
9971,Town of Hamilton         ,1.08,WEST SALEM, W3788 SOUTHERN DR   ,230700,287200,42300,52700,273000,339900,230700,268200,42300,49200,273000,317400
1846,Town of Burns            ,10.0,BANGOR,  CULPITT RD   ,0,0,7500,0,7500,0,0,0,7400,0,7400,0
61474,City of Onalaska         ,0.42,ONALASKA, 926 SUMMERS DAY LN   ,0,0,53600,54200,53600,54200,0,0,49700,54100,49700,54100
35015,City of La Crosse        ,0.172,LA CROSSE, 1720 30TH ST   S,108400,117700,23900,26000,132300,143700,90300,108000,18700,22400,109000,130400
2274,Town of Burns            ,24.88,BANGOR,  STATE ROAD 16      ,0,0,5400,0,5400,0,0,0,5300,0,5300,0
63857,Town of Greenfield       ,39.23,COON VALLEY,  COUNTY ROAD M      ,0,0,39300,0,39300,0,0,0,39300,0,39300,0
19443,Village of Bangor        ,0.41,BANGOR, 211 19TH AVE  S,89100,94100,22800,24100,111900,118200,89100,90100,22800,23100,111900,113200
42435,City of Onalaska         ,0.21,ONALASKA, 1009 QUINCY ST   ,141400,142900,34500,34900,175900,177800,109900,119700,35200,38300,145100,158000
1253,Town of Barre            ,4.23,WEST SALEM,  COUNTY ROAD O      ,0,0,4400,5100,4400,5100,0,0,4400,5000,4400,5000
38474,City of La Crosse        ,0.202,LA CROSSE, 3021 ROBIN HOOD DR   ,107000,116200,23100,25100,130100,141300,67900,81200,20700,24800,88600,106000
18162,Town of Shelby           ,0.01,LA CROSSE,  LINWOOD CT   ,0,0,100,100,100,100,0,0,100,100,100,100
34192,City of La Crosse        ,0.115,LA CROSSE, 2112 JOHNSON ST   ,92500,100400,28400,30800,120900,131200,77500,92700,18600,22300,96100,115000
56509,Town of Onalaska         ,0.692,ONALASKA, W5967 SCHULTZ LN   ,237700,305900,24200,31100,261900,337000,230600,279600,24200,29300,254800,308900
20044,Village of Bangor        ,0.2,BANGOR, 1909 HENRY JOHNS BLVD ,140200,148100,22200,23400,162400,171500,140200,141800,22200,22400,162400,164200
47873,Village of Holmen        ,0.34,HOLMEN, 317 CYPRESS CIRCLE LN   ,213300,207500,44900,43700,258200,251200,160700,189200,32500,38300,193200,227500
17864,Town of Shelby           ,0.67,LA CROSSE, N1267 LESKE RD   ,215400,240800,26200,29300,241600,270100,215400,232100,26200,28200,241600,260300
33110,City of La Crosse        ,0.07,LA CROSSE, 713 14TH ST   S,91500,99400,17600,19100,109100,118500,73900,88400,18600,22300,92500,110700
31476,City of La Crosse        ,0.137,LA CROSSE, 420 6TH ST   S,105300,114300,19800,21500,125100,135800,81400,97400,19200,23000,100600,120400
65501,City of La Crosse        ,0.11,LA CROSSE, 2647 15TH ST   S,146500,159100,24900,27000,171400,186100,109300,130800,11900,14200,121200,145000
41596,City of Onalaska         ,0.15,ONALASKA, 903 WILSON ST   ,149800,151400,26700,27000,176500,178400,88500,96400,24400,26600,112900,123000
37566,City of La Crosse        ,0.205,LA CROSSE, 2819 29TH CT   S,222200,241300,24000,26100,246200,267400,179500,214700,23600,28200,203100,242900
39089,City of La Crosse        ,0.168,LA CROSSE, 2208 19TH ST   S,52900,57400,33800,36700,86700,94100,48600,58100,31400,37600,80000,95700
16936,Town of Shelby           ,0.26,LA CROSSE, 2220 REDWOOD CT   ,102300,114400,25900,29000,128200,143400,102300,110300,25900,27900,128200,138200
29357,City of La Crosse        ,0.172,LA CROSSE, 422 10TH ST   N,109600,119000,45200,49100,154800,168100,109600,131100,45200,54100,154800,185200
41461,City of Onalaska         ,0.23,ONALASKA, 527 SAND LAKE RD   ,147300,148900,39600,40000,186900,188900,111600,121500,37700,41100,149300,162600
45481,Village of Holmen        ,1.31,HOLMEN, 613 MCHUGH RD   ,1086100,1056600,140000,136200,1226100,1192800,797300,938900,81800,96300,879100,1035200
12259,Town of Medary           ,1.14,LA CROSSE, W5418 COUNTY ROAD B      ,144000,157400,40700,44500,184700,201900,144000,148000,40700,41800,184700,189800
4209,Town of Campbell         ,0.63,LA CROSSE, 901 LAKEVIEW DR   ,150000,161700,57200,61700,207200,223400,150000,161200,57200,61500,207200,222700
32170,City of La Crosse        ,0.134,LA CROSSE, 407 23RD ST   S,128100,139100,39500,42900,167600,182000,101100,120900,24600,29400,125700,150300
11939,Town of Holland          ,0.47,HOLMEN, N8314 DUCKE DR   ,223600,287300,19400,24900,243000,312200,223600,269900,19400,23400,243000,293300
18039,Town of Shelby           ,1.34,LA CROSSE, W4971 HOETH ST   ,170500,190600,37200,41600,207700,232200,170500,183800,37200,40100,207700,223900
68579,Town of Washington       ,23.14,COON VALLEY, N958 STATE ROAD 162      ,228500,0,29400,0,257900,0,170000,0,20700,0,190700,0
72048,City of La Crosse        ,0.31,LA CROSSE, 6116 RIVER RUN RD   ,0,0,52100,56600,52100,56600,0,0,0,0,0,0
33121,City of La Crosse        ,0.13,LA CROSSE, 1432 WINNEBAGO ST   ,122700,133200,24700,26800,147400,160000,108100,129300,27300,32700,135400,162000
35378,City of La Crosse        ,0.033,LA CROSSE, 1501 ROSE ST   ,63200,68600,4300,4700,67500,73300,39300,47000,4300,5100,43600,52100
19611,Village of Bangor        ,0.13,BANGOR, 1607 CARDINAL ST   ,136000,143600,9900,10500,145900,154100,136000,137500,9900,10000,145900,147500
35821,City of La Crosse        ,0.104,LA CROSSE, 2115 17TH ST   S,400,400,23500,25500,23900,25900,0,0,17700,21200,17700,21200
25452,City of La Crosse        ,0.162,LA CROSSE, 1431 LOOMIS ST   ,75100,81500,20000,21700,95100,103200,63500,76000,16700,20000,80200,96000
49156,Village of Holmen        ,0.25,HOLMEN, 1010 SADDLEWOOD ST   ,214800,209000,45500,44300,260300,253300,198200,233400,32500,38300,230700,271700
44377,City of Onalaska         ,0.275,ONALASKA, 521 FLINT ST   ,139700,141200,30500,30800,170200,172000,89600,97600,31100,33900,120700,131500
63106,Town of Holland          ,31.69,HOLMEN, N8459 COUNTY ROAD TT      ,87600,112600,109200,140300,196800,252900,72500,87500,80600,97300,153100,184800
65931,City of La Crosse        ,0.151,LA CROSSE, 1731 MADISON ST   ,116100,126100,39000,42300,155100,168400,91200,109100,29200,34900,120400,144000
69527,Town of Washington       ,19.33,BANGOR, N2381 STATE ROAD 162      ,129600,130600,79600,80200,209200,210800,96000,122000,56400,71700,152400,193700
51059,City of Onalaska         ,0.3,ONALASKA, 2301 KRAUSE RD   ,320200,323600,59500,60100,379700,383700,291500,317500,39400,42900,330900,360400
12571,Town of Medary           ,4.34,LA CROSSE,  PUENT RD   ,0,0,11500,12600,11500,12600,0,0,11500,11800,11500,11800
42851,City of Onalaska         ,0.12,ONALASKA, 730 10TH AVE  N,110200,111400,13500,13600,123700,125000,99800,108700,10500,11400,110300,120100
45097,City of Onalaska         ,2.51,ONALASKA, 447 COUNTRY CLUB LN   ,729000,736700,109900,111100,838900,847800,631200,687400,116000,126300,747200,813700
30687,City of La Crosse        ,0.16,LA CROSSE, 1112 7TH ST   S,76400,83000,15400,16700,91800,99700,45000,53800,12300,14700,57300,68500
7011,Town of Greenfield       ,1.34,LA CROSSE, W2912 KLOSS RD   ,158800,184300,27600,32000,186400,216300,158800,184200,27600,32000,186400,216200
55521,Town of Shelby           ,5.43,LA CROSSE, W4775 DEERVIEW DR   ,397300,444100,62000,69300,459300,513400,397300,428200,62000,66800,459300,495000
36607,City of La Crosse        ,0.182,LA CROSSE, 2272 COULEE DR   ,150600,163500,31400,34100,182000,197600,124600,149100,24500,29300,149100,178400
60775,City of La Crosse        ,0.172,LA CROSSE, 1806 CHARLES ST   ,120800,131200,20100,21800,140900,153000,93400,111700,19100,22800,112500,134500
11711,Town of Holland          ,0.58,HOLMEN, N6930 SKYVIEW CT   ,213200,274000,22700,29200,235900,303200,213200,257400,22700,27400,235900,284800
23929,City of La Crosse        ,0.086,LA CROSSE, 620 HAGAR ST   ,92500,100400,9100,9900,101600,110300,75500,90300,8800,10500,84300,100800
29274,City of La Crosse        ,0.193,LA CROSSE, 521 10TH ST   N,213100,231400,51200,55600,264300,287000,213100,254900,51200,61200,264300,316100
21395,Village of Holmen        ,0.115,HOLMEN, 153 WIMBLEDON LN   ,7800,7600,3000,2900,10800,10500,7000,8200,2000,2400,9000,10600
58799,Town of Farmington       ,34.98,MINDORO,  PERKINS RD   ,0,0,29800,0,29800,0,0,0,29800,0,29800,0
59991,Town of Holland          ,0.9,HOLMEN, W8033 COUNTRY AVE  ,232400,298600,35100,45100,267500,343700,232400,280500,35100,42400,267500,322900
42161,City of Onalaska         ,0.18,ONALASKA, 530 13TH PL   N,174900,176700,34200,34600,209100,211300,140300,152800,30100,32800,170400,185600
60764,City of La Crosse        ,0.172,LA CROSSE, 1720 CHARLES ST   ,93200,101200,20100,21800,113300,123000,74500,89100,19100,22800,93600,111900
63945,Village of Holmen        ,6.5,HOLMEN,  CLIFF SHADE RD   ,0,0,24400,23700,24400,23700,0,0,14100,16600,14100,16600
10578,Town of Holland          ,0.69,HOLMEN, W7597 ST CROIX AVE  ,202600,260300,20600,26500,223200,286800,202600,244600,20600,24900,223200,269500
47242,Town of Hamilton         ,4.61,WEST SALEM, N4571 COUNTY ROAD M      ,888400,1106000,198300,246900,1086700,1352900,888400,1032900,198300,230600,1086700,1263500
20467,Village of Holmen        ,0.202,HOLMEN, 1521 CLIFFVIEW DR   ,139900,136100,37000,36000,176900,172100,113200,133300,21800,25700,135000,159000
37446,City of La Crosse        ,0.224,LA CROSSE, 2878 29TH CT   S,117500,127600,24400,26500,141900,154100,94900,113500,22000,26300,116900,139800
31579,City of La Crosse        ,3.12,LA CROSSE, 724 DENTON ST   ,37924600,41179400,924200,1003500,38848800,42182900,37924600,45367600,924200,1105600,38848800,46473200
28148,City of La Crosse        ,0.121,LA CROSSE, 2223 LA CROSSE ST   ,112100,121700,21300,23100,133400,144800,88800,106200,21100,25200,109900,131400
26516,City of La Crosse        ,0.126,LA CROSSE, 2707 HAMILTON ST   ,71600,77700,16500,17900,88100,95600,68200,81600,8400,10000,76600,91600
50363,City of La Crosse        ,0.791,LA CROSSE, 1333 ROSE ST   ,773200,839600,275800,299500,1049000,1139100,773200,924900,275800,329900,1049000,1254800
44715,City of Onalaska         ,36.92,ONALASKA, 1240 SAND LAKE RD   ,0,0,42100,0,42100,0,0,0,6900,0,6900,0
1436,Town of Barre            ,40.0,LA CROSSE,  COUNTY ROAD M      ,0,0,6200,0,6200,0,0,0,6200,0,6200,0
55002,City of La Crosse        ,0.36,LA CROSSE, 620 CASS ST   ,411300,446600,189000,205200,600300,651800,411300,492000,126000,150700,537300,642700
47466,Town of Holland          ,0.69,HOLMEN, W8057 OLD CTH NA      ,225000,289100,14700,18900,239700,308000,225000,271600,14700,17700,239700,289300
17744,Town of Shelby           ,0.19,LA CROSSE, 2727 BURR OAK ST   E,87700,98000,24000,26800,111700,124800,87700,94500,24000,25900,111700,120400
36525,City of La Crosse        ,0.177,LA CROSSE, 2144 SUNRISE DR   ,93400,101400,27700,30100,121100,131500,79000,94500,19300,23100,98300,117600
70121,City of La Crosse        ,5.999,LA CROSSE, 500 FRONT ST   N,183300,199000,1133100,1230300,1316400,1429300,183300,219300,1133100,1355500,1316400,1574800
19415,Town of Washington       ,40.0,WESTBY, W665 COUNTY ROAD P      ,138500,0,18000,0,156500,0,102600,0,17500,0,120100,0
8665,Town of Hamilton         ,19.14,WEST SALEM,  SCOTCH COULEE RD   W,0,0,3800,4700,3800,4700,0,0,3800,4400,3800,4400
47787,Town of Shelby           ,0.57,LA CROSSE,  ORCHARD VALLEY DR   ,0,0,30700,34300,30700,34300,0,0,30700,33100,30700,33100
20220,Village of Holmen        ,0.7,HOLMEN, 320 NORTH STAR RD   ,35800,34800,102400,99600,138200,134400,37200,43800,71900,84700,109100,128500
49659,Town of Farmington       ,0.26,MINDORO, W3925 NORTH ST   ,108600,137500,7000,8900,115600,146400,108600,129200,7000,8300,115600,137500
46272,Town of Greenfield       ,5.49,LA CROSSE, N1555 MEADOW RIDGE RD   ,275600,319900,54900,63700,330500,383600,275600,319700,54900,63700,330500,383400
52654,Village of Holmen        ,0.367,HOLMEN, 1300 CHERRY LN   S,225800,219700,43700,42500,269500,262200,201400,237200,36700,43200,238100,280400
64771,Town of Greenfield       ,11.65,LA CROSSE,  WUENSCH RD   ,0,0,1800,0,1800,0,0,0,1700,0,1700,0
17009,Town of Shelby           ,0.22,LA CROSSE, 2231 HIAWATHA AVE  ,247300,276400,25200,28200,272500,304600,247300,266500,25200,27200,272500,293700
11654,Town of Holland          ,1.0,HOLMEN, N8691 HANSON DR   ,39400,50600,37000,47500,76400,98100,39400,47600,37000,44700,76400,92300
13857,Town of Onalaska         ,1.2,ONALASKA, N5409 ASPEN RD   ,198600,255500,26000,33500,224600,289000,198600,240800,26000,31500,224600,272300
28853,City of La Crosse        ,0.124,LA CROSSE, 231 17TH PL   S,171500,186200,41700,45300,213200,231500,136200,162900,30400,36400,166600,199300
10069,Town of Holland          ,1.77,HOLMEN, W7140 HERAM RD   ,27700,35600,24200,31100,51900,66700,27700,33400,24200,29200,51900,62600
45657,Town of Campbell         ,0.17,LA CROSSE, 1633 LAKESHORE DR   ,63500,68500,57400,61900,120900,130400,63500,68200,57400,61700,120900,129900
63169,Town of Bangor           ,0.59,BANGOR, N4286 KRAUSE RD   ,94900,110500,5900,6900,100800,117400,94900,106700,5900,6600,100800,113300
68689,Town of Onalaska         ,6.9,ONALASKA,  COUNTY ROAD ZN      ,0,0,3800,0,3800,0,0,0,3800,0,3800,0
11726,Town of Holland          ,0.57,HOLMEN, W7751 MEADOW WAY  ,165700,212900,22300,28700,188000,241600,165700,200000,22300,26900,188000,226900
65309,Town of Hamilton         ,3.81,BANGOR, W2532 STATE ROAD 16      ,116900,145500,31200,38800,148100,184300,116900,135900,31200,36300,148100,172200
9362,Town of Hamilton         ,13.13,WEST SALEM,  MOOS RD   ,0,0,13900,0,13900,0,0,0,14000,0,14000,0
31488,City of La Crosse        ,0.099,LA CROSSE, 609 6TH ST   S,98600,107100,15200,16500,113800,123600,75000,89700,13600,16300,88600,106000
2083,Town of Burns            ,1.79,BANGOR, N6071 BIG CREEK RD   ,152300,153000,35500,35700,187800,188700,152300,149900,35500,34900,187800,184800
25064,City of La Crosse        ,0.32,LA CROSSE, 1509 GEORGE ST   ,169000,183500,83500,90700,252500,274200,169000,202200,83500,99900,252500,302100
33101,City of La Crosse        ,0.086,LA CROSSE, 1403 MARKET ST   ,98900,107400,20400,22200,119300,129600,75000,89700,23600,28200,98600,117900
51770,City of Onalaska         ,0.35,ONALASKA, 2306 RYLLA ST   ,281300,284300,63700,64400,345000,348700,233300,254100,36500,39800,269800,293900
28236,City of La Crosse        ,0.155,LA CROSSE, 2407 VINE ST   ,197000,213900,45000,48900,242000,262800,156700,187500,31200,37300,187900,224800
10151,Town of Holland          ,4.98,HOLMEN, W6726 COUNTY ROAD T      ,209300,269000,35700,45900,245000,314900,209300,252700,35700,43100,245000,295800
21632,Village of Holmen        ,0.21,HOLMEN, 3210 CEDAR AVE  S,157000,152700,34600,33700,191600,186400,126800,149300,27500,32400,154300,181700
21378,Village of Holmen        ,0.116,HOLMEN, 136 WIMBLEDON LN   ,7800,7600,3000,2900,10800,10500,7000,8200,2000,2400,9000,10600
24566,City of La Crosse        ,0.187,LA CROSSE, 1216 AVON ST   ,144200,156600,14000,15200,158200,171800,119200,142600,15600,18700,134800,161300
55098,Town of Shelby           ,64.88,LA CROSSE, W5556 US HIGHWAY 14/61      ,78100,0,101700,0,179800,0,78100,0,101700,0,179800,0
9838,Town of Hamilton         ,0.46,WEST SALEM, N5171 FIRST AVE  ,150500,187400,22000,27400,172500,214800,150500,175000,22000,25600,172500,200600
12840,Town of Medary           ,0.53,ONALASKA,  MEADOW WOOD RD   ,0,0,15800,17300,15800,17300,0,0,15800,16200,15800,16200
67011,City of Onalaska         ,0.81,ONALASKA, 1407 STATE ROAD 35      ,237600,240100,186400,188400,424000,428500,302800,329800,59300,64600,362100,394400
68324,City of Onalaska         ,0.242,ONALASKA, 1146 FRASER WAY  ,267700,270500,50000,50500,317700,321000,218700,238200,49900,54300,268600,292500
9231,Town of Hamilton         ,0.56,WEST SALEM,  OLD HIGHWAY 16      ,0,0,14900,18600,14900,18600,0,0,14900,17300,14900,17300
52915,City of Onalaska         ,4.83,ONALASKA, 557 THEATER RD   ,2251600,2275400,1388600,1403300,3640200,3678700,2440000,2657400,823800,897200,3263800,3554600
65744,Town of Burns            ,12.35,BANGOR,  STATE ROAD 16      ,15700,0,26700,0,42400,0,15700,0,26600,0,42300,0
11926,Town of Holland          ,0.54,HOLMEN, W7817 BROADMOOR PARK DR   ,252400,324300,22300,28700,274700,353000,252400,304700,22300,26900,274700,331600
27337,City of La Crosse        ,0.31,LA CROSSE, 4505 MEADOWLARK CT   ,160600,174400,19500,21200,180100,195600,136400,163200,14000,16700,150400,179900
60924,Village of West Salem    ,0.476,WEST SALEM, 520 DRIFTWOOD ST   ,0,0,110800,115300,110800,115300,0,0,110800,111600,110800,111600
19598,Village of Bangor        ,0.13,BANGOR, 1416 JAMES ST   ,114700,121100,9900,10500,124600,131600,114700,116000,9900,10000,124600,126000
36016,City of La Crosse        ,0.16,LA CROSSE, 2219 WEST AVE  S,137400,149200,33800,36700,171200,185900,106200,127000,22000,26300,128200,153300
41213,City of Onalaska         ,0.17,ONALASKA, 126 8TH AVE  S,106700,107800,30000,30300,136700,138100,86500,94200,23900,26000,110400,120200
37475,City of La Crosse        ,0.206,LA CROSSE, 3174 29TH CT   S,117700,127800,22800,24800,140500,152600,100300,120000,21200,25400,121500,145400
43718,City of Onalaska         ,0.24,ONALASKA, 1226 COUNTY ROAD PH      W,119100,120400,31400,31700,150500,152100,107500,117100,26400,28800,133900,145900
21686,Village of Holmen        ,0.6,ONALASKA, 2206 FILLER CT   ,140900,137100,51300,49900,192200,187000,111500,131300,25900,30500,137400,161800
59908,Town of Hamilton         ,0.242,WEST SALEM, N5065 COUNTY ROAD M      ,29300,36500,24000,29900,53300,66400,29300,34100,24000,27900,53300,62000
6929,Town of Farmington       ,10.0,HOLMEN, N7818 COUNTY ROAD D      ,162500,205700,9000,11400,171500,217100,162500,193300,9000,10700,171500,204000
16201,Town of Shelby           ,1.02,LA CROSSE, N1149 BROOKSIDE DR   ,157300,175800,32600,36400,189900,212200,157300,169500,32600,35100,189900,204600
3302,Town of Campbell         ,0.22,LA CROSSE, 314 SHELLY LN   ,85200,91900,29500,31800,114700,123700,85200,91500,29500,31700,114700,123200
21677,Village of Holmen        ,0.25,HOLMEN, 3102 MARTIN LN   S,204400,198900,42500,41300,246900,240200,165100,194400,27500,32400,192600,226800
51824,Town of Barre            ,0.74,LA CROSSE,  COUNTY ROAD M      ,0,0,2400,2800,2400,2800,0,0,2400,2700,2400,2700
30780,City of La Crosse        ,0.064,LA CROSSE, 913 JOHNSON ST   ,45300,49200,8400,9100,53700,58300,36000,43100,7900,9500,43900,52600
13441,Town of Onalaska         ,3.23,ONALASKA,  US HIGHWAY 53      ,0,0,600,0,600,0,0,0,600,0,600,0
11300,Town of Holland          ,1.5,HOLMEN,  AMSTERDAM PRAIRIE RD   ,0,0,7300,9400,7300,9400,0,0,7300,8800,7300,8800
69091,Village of Holmen        ,0.38,HOLMEN, 3000 PERTZSCH DR   ,247600,240900,45900,44700,293500,285600,202800,238800,22000,25900,224800,264700
54291,Town of Shelby           ,1.81,LA CROSSE, 3223 EBNER COULEE RD   ,199100,222600,60300,67400,259400,290000,199100,214600,60300,65000,259400,279600
14542,Town of Onalaska         ,5.2,WEST SALEM, N5211 INNSBRUCK RD   N,254400,327300,55600,71500,310000,398800,254400,308400,55600,67400,310000,375800
60856,Town of Holland          ,0.77,HOLMEN, W8023 VERMEER ST   ,192700,247600,26800,34400,219500,282000,192700,232600,26800,32400,219500,265000
15532,Town of Onalaska         ,0.32,ONALASKA, W7759 COUNTY ROAD ZB      ,154400,198700,70200,90300,224600,289000,154400,187200,70200,85100,224600,272300
40633,City of Onalaska         ,0.34,ONALASKA, 600 4TH AVE  N,124600,125900,44500,45000,169100,170900,80800,88000,42300,46100,123100,134100
11127,Town of Holland          ,6.0,HOLMEN, W7443 COUNTY ROAD T      ,312800,401900,39000,50100,351800,452000,307300,371000,39000,47100,346300,418100
2796,Town of Campbell         ,0.26,LA CROSSE, 2747 GRAND AVE  ,111800,120500,31700,34200,143500,154700,111800,120100,31700,34100,143500,154200
48175,Town of Bangor           ,11.76,BANGOR,  STATE ROAD 162      ,0,0,2600,0,2600,0,0,0,2600,0,2600,0
15323,Town of Onalaska         ,0.27,ONALASKA, W7789 BALDUZZI DR   ,134200,172700,18900,24300,153100,197000,134200,162700,18900,22900,153100,185600
35275,City of La Crosse        ,0.315,LA CROSSE, 336 28TH ST   S,176200,191300,27300,29600,203500,220900,143200,171300,28100,33600,171300,204900
63301,City of La Crosse        ,1.58,LA CROSSE, 1520 CLINIC CT   ,3462600,3759800,604300,656200,4066900,4416000,2719900,3253700,604300,722900,3324200,3976600
39103,City of La Crosse        ,4.58,LA CROSSE, 2615 EAST AVE  S,1393600,1513200,608100,660300,2001700,2173500,1393600,1667100,608100,727400,2001700,2394500
48811,Town of Holland          ,0.93,HOLMEN, N6772 BRIGGS RD   ,99800,128200,17800,22900,117600,151100,99800,120500,17800,21500,117600,142000
55411,Town of Greenfield       ,0.71,LA CROSSE,  SIGEL CT   ,0,0,100,0,100,0,0,0,100,0,100,0
55575,Town of Barre            ,3.18,LA CROSSE, W4634 COUNTY ROAD O      ,106400,123500,30600,35500,137000,159000,106400,119900,30600,34500,137000,154400
32701,City of La Crosse        ,0.227,LA CROSSE, 1222 MADISON ST   ,130200,141400,53100,57700,183300,199100,104700,125200,40800,48800,145500,174000
41258,City of Onalaska         ,0.266,ONALASKA, 940 LA CROSSE ST   ,206000,208200,40500,40900,246500,249100,155900,169800,43300,47200,199200,217000
45238,Town of Bangor           ,8.21,BANGOR, N4341 FRITZ SCHROEDER RD   ,204400,0,20600,0,225000,0,204400,0,20600,0,225000,0
13624,Town of Onalaska         ,0.46,ONALASKA, W7079 EVERGREEN WAY  ,108800,140000,13800,17800,122600,157800,108800,131900,13800,16700,122600,148600
25590,City of La Crosse        ,0.128,LA CROSSE, 2217 WOOD ST   ,71500,77600,16500,17900,88000,95500,50300,60200,19500,23300,69800,83500
44587,City of Onalaska         ,0.12,ONALASKA, 1104 EAST AVE  N,160400,162100,22200,22400,182600,184500,131800,143500,21200,23100,153000,166600
22057,Village of Rockland      ,0.27,ROCKLAND, 107 WATER ST   ,128400,128500,19100,19100,147500,147600,98300,116200,18800,22200,117100,138400
53052,Town of Campbell         ,0.24,LA CROSSE, 346 TELLIN CT   ,203200,219100,31500,34000,234700,253100,196300,210900,31500,33800,227800,244700
54456,Town of Greenfield       ,1.75,LA CROSSE, W3834 STATE ROAD 33      ,140300,162800,30600,35500,170900,198300,140300,162700,30600,35500,170900,198200
60193,Village of Holmen        ,0.335,HOLMEN, 801 ROCKWOOD DR   ,248200,241500,55500,54000,303700,295500,194300,228800,36900,43500,231200,272300
70376,City of La Crosse        ,12.6,LA CROSSE, 1808 KRAMER ST   ,21661000,23520000,1046500,1136300,22707500,24656300,6211500,7430600,940400,1125000,7151900,8555600
21048,Village of Holmen        ,0.203,HOLMEN, 310 ANDERSON ST   ,185900,180900,37100,36100,223000,217000,157600,185600,27500,32400,185100,218000
60485,Town of Holland          ,3.726,HOLMEN, N6877 BRIGGS RD   ,292400,375700,47200,60700,339600,436400,292400,353000,47200,57000,339600,410000
40903,City of Onalaska         ,0.29,ONALASKA, 421 9TH AVE  N,169400,171200,36900,37300,206300,208500,116800,127200,35100,38200,151900,165400
51245,Town of Greenfield       ,31.93,LA CROSSE, W3902 STATE ROAD 33      ,292300,0,25700,0,318000,0,292300,0,25700,0,318000,0
45866,Town of Farmington       ,2.44,MELROSE, N9643 STATE ROAD 108      ,164600,208400,11900,15100,176500,223500,164600,195800,11900,14200,176500,210000
28203,City of La Crosse        ,0.121,LA CROSSE, 738 HILLVIEW AVE  ,155200,168500,23400,25400,178600,193900,122100,146100,22800,27300,144900,173400
1502,Town of Barre            ,40.0,LA CROSSE,  COUNTY ROAD I      ,0,0,60000,0,60000,0,0,0,60000,0,60000,0
70078,Village of West Salem    ,0.36,WEST SALEM, 104 WEST AVE  N,160900,167400,41500,43200,202400,210600,160900,162100,41500,41800,202400,203900
47941,Village of Holmen        ,0.27,HOLMEN, 1107 WESTERN AVE  ,193000,187800,43100,41900,236100,229700,154800,182300,27500,32400,182300,214700
10742,Town of Holland          ,0.207,HOLMEN, W8187 OLD CTH NA      ,90700,116500,5400,6900,96100,123400,90700,109500,5400,6500,96100,116000
25907,City of La Crosse        ,0.225,LA CROSSE, 1709 LOOMIS ST   ,178000,193300,26100,28300,204100,221600,141000,168700,30600,36600,171600,205300
42332,City of Onalaska         ,0.31,ONALASKA, 1616 HICKORY ST   ,207600,209800,46800,47300,254400,257100,197300,214900,46100,50200,243400,265100
44897,City of Onalaska         ,0.13,ONALASKA, 1015 WHISPERING WINDS PL   ,161200,162900,13500,13600,174700,176500,154600,168400,10500,11400,165100,179800
49045,Town of Farmington       ,1.43,HOLMEN, W5724 COUNTY ROAD D      ,109700,138900,9900,12500,119600,151400,109700,130500,9900,11800,119600,142300
10676,Town of Holland          ,1.07,HOLMEN, W8157 OLD CTH NA      ,75800,97400,19100,24500,94900,121900,75800,91500,19100,23100,94900,114600
37257,City of La Crosse        ,0.132,LA CROSSE, 2501 BARLOW ST   ,127400,138300,21800,23700,149200,162000,94800,113400,15200,18200,110000,131600
39538,City of La Crosse        ,0.232,LA CROSSE, 4510 OAK DR   ,221900,240900,58200,63200,280100,304100,191000,228500,35500,42500,226500,271000
16887,Town of Shelby           ,0.66,LA CROSSE, N1972 HICKORY LN   ,176800,197600,44700,50000,221500,247600,176800,190500,44700,48200,221500,238700
18569,Town of Shelby           ,0.65,LA CROSSE, W5599 SOUTHDALE DR   ,240600,269000,43500,48600,284100,317600,240600,259300,43500,46900,284100,306200
34073,City of La Crosse        ,0.141,LA CROSSE, 1622 REDFIELD ST   ,76700,83300,26200,28400,102900,111700,54100,64700,22500,26900,76600,91600
54001,Town of Barre            ,37.54,LA CROSSE, W3841 COUNTY ROAD M      ,163200,0,19000,0,182200,0,163200,0,19000,0,182200,0
36758,City of La Crosse        ,0.132,LA CROSSE, 2153 HYDE AVE  ,124300,135000,28800,31300,153100,166300,107500,128600,26400,31600,133900,160200
34022,City of La Crosse        ,0.066,LA CROSSE, 1237 JOHNSON ST   ,89600,97300,18100,19700,107700,117000,68800,82300,13600,16300,82400,98600
38334,City of La Crosse        ,0.148,LA CROSSE, 2842 22ND ST   S,92600,100500,21200,23000,113800,123500,64700,77400,17400,20800,82100,98200
54865,City of La Crosse        ,0.28,LA CROSSE, 3020 EBNER COULEE RD   ,304200,330300,80000,86900,384200,417200,236800,283300,75000,89700,311800,373000
6177,Town of Farmington       ,33.26,MINDORO,  STATE ROAD 108      ,0,0,2700,0,2700,0,0,0,2700,0,2700,0
58949,Village of West Salem    ,0.248,WEST SALEM, 450 LAKEWOOD ST   ,202200,210300,55800,58000,258000,268300,202200,203700,55800,56200,258000,259900
14960,Town of Onalaska         ,0.23,ONALASKA, W8213 COUNTY ROAD ZB      ,42200,54300,36400,46800,78600,101100,42200,51200,36400,44100,78600,95300
7760,Town of Greenfield       ,29.13,COON VALLEY, W2567 EVANS DWYER RD   ,330000,0,23800,0,353800,0,330000,0,23700,0,353700,0
71771,Town of Bangor           ,45.08,ROCKLAND, N3588 COUNTY ROAD J      ,175100,0,30400,0,205500,0,0,0,0,0,0,0
71658,Town of Bangor           ,0.26,WEST SALEM,  BANGOR INDUSTRIAL PKY  ,0,0,1300,1500,1300,1500,0,0,0,0,0,0
46907,Town of Holland          ,5.09,HOLMEN, N8345 FLATEN RD   ,124100,159500,33400,42900,157500,202400,124100,149800,33400,40300,157500,190100
4695,Town of Campbell         ,0.28,LA CROSSE, 2610 JERALD ST   ,150500,162300,38200,41200,188700,203500,150500,161700,38200,41000,188700,202700
26180,City of La Crosse        ,0.129,LA CROSSE, 2409 PROSPECT ST   ,87100,94600,16500,17900,103600,112500,77700,92900,15000,17900,92700,110800
42581,City of Onalaska         ,0.22,ONALASKA, 1217 WILSON ST   ,149100,150700,43200,43700,192300,194400,122200,133100,39500,43000,161700,176100
2342,Town of Burns            ,4.88,BANGOR, N5060 GASLITE RD   ,213400,214400,55900,56200,269300,270600,213400,210000,55900,55000,269300,265000
17076,Town of Shelby           ,0.18,LA CROSSE, 1131 SHOREWOOD DR   ,98800,110400,22300,24900,121100,135300,98800,106500,22300,24000,121100,130500
54346,City of La Crosse        ,0.14,LA CROSSE, 4392 BRICKYARD LN   ,172100,186900,16700,18100,188800,205000,155000,185400,16600,19900,171600,205300
39465,City of La Crosse        ,2.192,LA CROSSE, 5419 ZION RD   ,227500,247000,36400,39500,263900,286500,193300,231200,20000,23900,213300,255100
14232,Town of Onalaska         ,0.29,ONALASKA, N5321 CAREFREE DR   ,141100,181600,21800,28100,162900,209700,141100,171100,21800,26400,162900,197500
64758,Town of Bangor           ,1.03,BANGOR, N3576 STATE ROAD 162      ,38300,44600,10300,12000,48600,56600,38300,43100,10300,11600,48600,54700
30665,City of La Crosse        ,0.103,LA CROSSE, 510 JOHNSON ST   ,88400,96000,12200,13200,100600,109200,66300,79300,9500,11400,75800,90700
46313,Town of Greenfield       ,35.42,COON VALLEY,  COUNTY ROAD M      ,0,0,18000,0,18000,0,0,0,17900,0,17900,0
59260,Town of Bangor           ,42.45,BANGOR,  STATE ROAD 162      ,0,0,31900,0,31900,0,0,0,31900,0,31900,0
59270,Town of Washington       ,12.4,ROCKLAND,  KORN COULEE RD   ,0,0,12500,0,12500,0,0,0,9300,0,9300,0
17474,Town of Shelby           ,0.32,LA CROSSE, W5744 SHERWOOD DR   ,136600,152700,32100,35900,168700,188600,136600,147200,32100,34600,168700,181800
67529,Town of Onalaska         ,0.56,ONALASKA, N5781 COUNTY ROAD OT      ,111300,143200,16800,21600,128100,164800,111300,134900,16800,20400,128100,155300
16242,Town of Shelby           ,0.79,LA CROSSE, W4717 SPRIG ST   ,129300,144500,29500,33000,158800,177500,129300,139400,29500,31800,158800,171200
56498,Town of Onalaska         ,0.834,ONALASKA, W6020 SCHULTZ LN   ,247400,318300,29200,37600,276600,355900,247400,300000,29200,35400,276600,335400
23193,Village of West Salem    ,0.19,WEST SALEM, 357 LINCOLN AVE  N,113900,118500,33700,35100,147600,153600,113900,114800,33700,34000,147600,148800
11578,Town of Holland          ,5.08,HOLMEN, N7400 COUNTY ROAD HD      ,247400,317900,36200,46500,283600,364400,247400,298600,36200,43700,283600,342300
22035,Village of Rockland      ,0.63,ROCKLAND, 130 ROCK ST   E,236200,236400,36300,36300,272500,272700,205200,242600,37400,44200,242600,286800
33111,City of La Crosse        ,0.097,LA CROSSE, 1403 WINNEBAGO ST   ,86600,94000,20500,22300,107100,116300,60600,72500,21500,25700,82100,98200
64670,Village of Holmen        ,0.15,HOLMEN, 215 GRANT ST   ,182000,177100,20000,19500,202000,196600,131100,154400,15000,17700,146100,172100
64408,Town of Onalaska         ,18.79,ONALASKA,  WENDTLAND RD   ,0,0,6000,0,6000,0,0,0,5900,0,5900,0
55953,City of La Crosse        ,0.202,LA CROSSE, 4125 33RD ST   S,169700,184300,30800,33400,200500,217700,128000,153100,30900,37000,158900,190100
66719,Village of Holmen        ,0.578,HOLMEN,  SWEEN DR   ,0,0,51100,49700,51100,49700,0,0,16600,19500,16600,19500
12287,Town of Medary           ,1.64,LA CROSSE, W5381 GOODVIEW PL   ,147700,161500,55900,61100,203600,222600,147700,151800,55900,57500,203600,209300
67987,Town of Onalaska         ,19.31,ONALASKA,  COUNTY ROAD ZN      ,0,0,3400,0,3400,0,0,0,3300,0,3300,0
21242,Village of Holmen        ,0.164,HOLMEN, 2 COMMERCE ST   ,27100,26400,21400,20800,48500,47200,23300,27400,17700,20800,41000,48200
60832,Town of Holland          ,1.0,HOLMEN, W7947 PRAIRIE MEADOWS ST   ,251900,323700,30000,38600,281900,362300,251900,304100,30000,36200,281900,340300
36419,City of La Crosse        ,0.15,LA CROSSE, 1912 20TH ST   S,124000,134600,31200,33900,155200,168500,99500,119000,28900,34600,128400,153600
19915,Village of Bangor        ,0.27,BANGOR, 506 OTTO BOSSHARD ST   ,133400,140900,27600,29100,161000,170000,133400,134900,27600,27900,161000,162800
35646,City of La Crosse        ,0.255,LA CROSSE, 3486 WOODBRIDGE CT   ,211300,229400,15300,16600,226600,246000,185000,221300,15300,18300,200300,239600
38416,City of La Crosse        ,0.28,LA CROSSE, 2930 LOSEY BLVD S,77500,84200,30800,33400,108300,117600,54800,65600,25000,29900,79800,95500
21183,Village of Holmen        ,0.33,HOLMEN, 1801 PINECREST AVE  ,129200,125700,44600,43400,173800,169100,114800,135200,26800,31600,141600,166800
59898,Town of Hamilton         ,0.242,WEST SALEM, N5065 COUNTY ROAD M      ,42000,52300,24000,29900,66000,82200,42000,48800,24000,27900,66000,76700
21116,Village of Holmen        ,0.32,HOLMEN, 325 LONG COULEE RD   ,147100,143100,44400,43200,191500,186300,125600,147900,30200,35600,155800,183500
34819,City of La Crosse        ,0.172,LA CROSSE, 1016 25TH ST   S,99100,107600,20000,21700,119100,129300,85100,101800,17000,20300,102100,122100
21164,Village of Holmen        ,0.27,HOLMEN, 1703 PINECREST AVE  ,176800,172000,43100,41900,219900,213900,128400,151200,27000,31800,155400,183000
38616,City of La Crosse        ,0.189,LA CROSSE, 3212 GLENDALE AVE  ,211700,229900,23100,25100,234800,255000,173100,207100,22800,27300,195900,234400
44805,City of Onalaska         ,0.29,ONALASKA, 217 LARKSPUR LN   E,297500,300600,50000,50500,347500,351100,257400,280300,41900,45600,299300,325900
37157,City of La Crosse        ,0.138,LA CROSSE, 2509 SUNRISE DR   ,116600,126600,20200,21900,136800,148500,93600,112000,16200,19400,109800,131400
11804,Town of Holland          ,0.51,HOLMEN, N7117 OAK ST   ,163100,209600,20000,25700,183100,235300,156800,189300,20000,24100,176800,213400
